
1 10000
2 10000
3 10000
4 10000
5 10000
6 10000
7 10000
8 10000
8.07845 10000
8.16062 9999.99
8.16062 9999.99
9 9999.99
10 9999.99
11 9999.99
12 9999.99
13 9999.99
14 9999.99
15 9999.99
16 9999.99
17 9999.99
18 9999.99
19 9999.99
20 9999.99
21 9999.99
22 9999.99
23 9999.99
24 9999.99
25 9999.99
26 9999.99
27 9999.99
28 9999.99
29 9999.99
30 9999.99
31 9999.99
32 9999.99
33 9999.99
34 9999.99
35 9999.99
36 9999.99
37 9999.99
38 9999.99
39 9999.99
40 9999.99
41 9999.99
42 9999.99
43 9999.99
44 9999.99
45 9999.99
46 9999.99
47 9999.99
48 9999.99
49 9999.99
50 9999.99
51 9999.99
52 9999.99
53 9999.99
54 9999.99
55 9999.99
56 9999.99
57 9999.99
58 9999.99
59 9999.99
60 9999.99
61 9999.99
62 9999.99
63 9999.99
64 9999.99
65 9999.99
66 9999.99
67 9999.99
68 9999.99
69 9999.99
70 9999.99
71 9999.99
72 9999.99
73 9999.99
74 9999.99
75 9999.99
76 9999.99
77 9999.99
78 9999.99
79 9999.99
80 9999.99
81 9999.99
82 9999.99
83 9999.99
84 9999.99
85 9999.99
86 9999.99
87 9999.99
88 9999.99
89 9999.99
90 9999.99
91 9999.99
92 9999.99
93 9999.99
94 9999.99
95 9999.99
96 9999.99
97 9999.99
98 9999.99
99 9999.99
100 9999.99
101 9999.99
102 9999.99
103 9999.99
104 9999.99
105 9999.99
106 9999.99
107 9999.99
108 9999.99
109 9999.99
110 9999.99
111 9999.99
112 9999.99
113 9999.99
114 9999.99
115 9999.99
116 9999.99
117 9999.99
118 9999.99
119 9999.99
120 9999.99
121 9999.99
122 9999.99
123 9999.99
124 9999.99
125 9999.99
126 9999.99
127 9999.99
128 9999.99
129 9999.99
130 9999.99
131 9999.99
132 9999.99
133 9999.99
134 9999.99
135 9999.99
136 9999.99
137 9999.99
138 9999.99
139 9999.99
140 9999.99
141 9999.99
142 9999.99
143 9999.99
144 9999.99
145 9999.99
146 9999.99
147 9999.99
148 9999.99
149 9999.99
150 9999.99
151 9999.99
152 9999.99
153 9999.99
154 9999.99
155 9999.99
156 9999.99
157 9999.99
158 9999.99
159 9999.99
160 9999.99
161 9999.99
162 9999.99
163 9999.99
164 9999.99
165 9999.99
166 9999.99
167 9999.99
168 9999.99
169 9999.99
170 9999.99
171 9999.99
172 9999.99
173 9999.99
174 9999.99
175 9999.99
176 9999.99
177 9999.99
178 9999.99
179 9999.99
180 9999.99
181 9999.99
182 9999.99
183 9999.99
184 9999.99
185 9999.99
186 9999.99
187 9999.99
188 9999.99
189 9999.99
190 9999.99
191 9999.99
192 9999.99
193 9999.99
194 9999.99
195 9999.99
196 9999.99
197 9999.99
198 9999.99
199 9999.99
200 9999.99
201 9999.99
202 9999.99
203 9999.99
204 9999.99
205 9999.99
206 9999.99
207 9999.99
208 9999.99
209 9999.99
210 9999.99
211 9999.99
212 9999.99
213 9999.99
214 9999.99
215 9999.99
216 9999.99
217 9999.99
218 9999.99
219 9999.99
220 9999.99
221 9999.99
222 9999.99
223 9999.99
224 9999.99
225 9999.99
226 9999.99
227 9999.99
228 9999.99
229 9999.99
230 9999.99
231 9999.99
232 9999.99
233 9999.99
234 9999.99
235 9999.99
236 9999.99
237 9999.99
238 9999.99
239 9999.99
240 9999.99
241 9999.99
242 9999.99
243 9999.99
244 9999.99
245 9999.99
246 9999.99
247 9999.99
248 9999.99
249 9999.99
250 9999.99
251 9999.99
252 9999.99
253 9999.99
254 9999.99
255 9999.99
256 9999.99
257 9999.99
258 9999.99
259 9999.99
260 9999.99
261 9999.99
262 9999.99
263 9999.99
264 9999.99
265 9999.99
266 9999.99
267 9999.99
268 9999.99
269 9999.99
270 9999.99
271 9999.99
272 9999.99
273 9999.99
274 9999.99
275 9999.99
276 9999.99
277 9999.99
278 9999.99
279 9999.99
280 9999.99
281 9999.99
282 9999.99
283 9999.99
284 9999.99
285 9999.99
286 9999.99
287 9999.99
288 9999.99
289 9999.99
290 9999.99
291 9999.99
292 9999.99
293 9999.99
294 9999.99
295 9999.99
296 9999.99
297 9999.99
298 9999.99
299 9999.99
300 9999.99
301 9999.99
302 9999.99
303 9999.99
304 9999.99
305 9999.99
306 9999.99
307 9999.99
308 9999.99
309 9999.99
310 9999.99
311 9999.99
312 9999.99
313 9999.99
314 9999.99
315 9999.99
316 9999.99
317 9999.99
318 9999.99
319 9999.99
320 9999.99
321 9999.99
322 9999.99
323 9999.99
324 9999.99
325 9999.99
326 9999.99
327 9999.99
328 9999.99
329 9999.99
330 9999.99
331 9999.99
332 9999.99
333 9999.99
334 9999.99
335 9999.99
336 9999.99
337 9999.99
338 9999.99
339 9999.99
340 9999.99
341 9999.99
342 9999.99
343 9999.99
344 9999.99
345 9999.99
346 9999.99
347 9999.99
348 9999.99
349 9999.99
350 9999.99
351 9999.99
352 9999.99
353 9999.99
354 9999.99
355 9999.99
356 9999.99
357 9999.99
358 9999.99
359 9999.99
360 9999.99
361 9999.99
362 9999.99
363 9999.99
364 9999.99
365 9999.99
366 9999.99
367 9999.99
368 9999.99
369 9999.99
370 9999.99
371 9999.99
372 9999.99
373 9999.99
374 9999.99
375 9999.99
376 9999.99
377 9999.99
378 9999.99
379 9999.99
380 9999.99
381 9999.99
382 9999.99
383 9999.99
384 9999.99
385 9999.99
386 9999.99
387 9999.99
388 9999.99
389 9999.99
390 9999.99
391 9999.99
392 9999.99
393 9999.99
394 9999.99
395 9999.99
396 9999.99
397 9999.99
398 9999.99
399 9999.99
400 9999.99
401 9999.99
402 9999.99
403 9999.99
404 9999.99
405 9999.99
406 9999.99
407 9999.99
408 9999.99
409 9999.99
410 9999.99
411 9999.99
412 9999.99
413 9999.99
414 9999.99
415 9999.99
416 9999.99
417 9999.99
418 9999.99
419 9999.99
420 9999.99
421 9999.99
422 9999.99
423 9999.99
424 9999.99
425 9999.99
426 9999.99
427 9999.99
428 9999.99
429 9999.99
430 9999.99
431 9999.99
432 9999.99
433 9999.99
434 9999.99
435 9999.99
436 9999.99
437 9999.99
438 9999.99
439 9999.99
440 9999.99
441 9999.99
442 9999.99
443 9999.99
444 9999.99
445 9999.99
446 9999.99
447 9999.99
448 9999.99
449 9999.99
450 9999.99
451 9999.99
452 9999.99
453 9999.99
454 9999.99
455 9999.99
456 9999.99
457 9999.99
458 9999.99
459 9999.99
460 9999.99
461 9999.99
462 9999.99
463 9999.99
464 9999.99
465 9999.99
466 9999.99
467 9999.99
468 9999.99
469 9999.99
470 9999.99
471 9999.99
472 9999.99
473 9999.99
474 9999.99
475 9999.99
476 9999.99
477 9999.99
478 9999.99
479 9999.99
480 9999.99
481 9999.99
482 9999.99
483 9999.99
484 9999.99
485 9999.99
486 9999.99
487 9999.99
488 9999.99
489 9999.99
490 9999.99
491 9999.99
492 9999.99
493 9999.99
494 9999.99
495 9999.99
496 9999.99
497 9999.99
498 9999.99
499 9999.99
500 9999.99
501 9999.99
502 9999.99
503 9999.99
504 9999.99
505 9999.99
506 9999.99
507 9999.99
508 9999.99
509 9999.99
510 9999.99
511 9999.99
512 9999.99
513 9999.99
514 9999.99
515 9999.99
516 9999.99
517 9999.99
518 9999.99
519 9999.99
520 9999.99
521 9999.99
522 9999.99
523 9999.99
524 9999.99
525 9999.99
526 9999.99
527 9999.99
528 9999.99
529 9999.99
530 9999.99
531 9999.99
532 9999.99
533 9999.99
534 9999.99
535 9999.99
536 9999.99
537 9999.99
538 9999.99
539 9999.99
540 9999.99
541 9999.99
542 9999.99
543 9999.99
544 9999.99
545 9999.99
546 9999.99
547 9999.99
548 9999.99
549 9999.99
550 9999.99
551 9999.99
552 9999.99
553 9999.99
554 9999.99
555 9999.99
556 9999.99
557 9999.99
558 9999.99
559 9999.99
560 9999.99
561 9999.99
562 9999.99
563 9999.99
564 9999.99
565 9999.99
566 9999.99
567 9999.99
568 9999.99
569 9999.99
570 9999.99
571 9999.99
572 9999.99
573 9999.99
574 9999.99
575 9999.99
576 9999.99
577 9999.99
578 9999.99
579 9999.99
580 9999.99
581 9999.99
582 9999.99
583 9999.99
584 9999.99
585 9999.99
586 9999.99
587 9999.99
588 9999.99
589 9999.99
590 9999.99
591 9999.99
592 9999.99
593 9999.99
594 9999.99
595 9999.99
596 9999.99
597 9999.99
598 9999.99
599 9999.99
600 9999.99
601 9999.99
602 9999.99
603 9999.99
604 9999.99
605 9999.99
606 9999.99
607 9999.99
608 9999.99
609 9999.99
610 9999.99
611 9999.99
612 9999.99
613 9999.99
614 9999.99
615 9999.99
616 9999.99
617 9999.99
618 9999.99
619 9999.99
620 9999.99
621 9999.99
622 9999.99
623 9999.99
624 9999.99
625 9999.99
626 9999.99
627 9999.99
628 9999.99
629 9999.99
630 9999.99
631 9999.99
632 9999.99
633 9999.99
634 9999.99
635 9999.99
636 9999.99
637 9999.99
638 9999.99
639 9999.99
640 9999.99
641 9999.99
642 9999.99
643 9999.99
644 9999.99
645 9999.99
646 9999.99
647 9999.99
648 9999.99
649 9999.99
650 9999.99
651 9999.99
652 9999.99
653 9999.99
654 9999.99
655 9999.99
656 9999.99
657 9999.99
658 9999.99
659 9999.99
660 9999.99
661 9999.99
662 9999.99
663 9999.99
664 9999.99
665 9999.99
666 9999.99
667 9999.99
668 9999.99
669 9999.99
670 9999.99
671 9999.99
672 9999.99
673 9999.99
674 9999.99
675 9999.99
676 9999.99
677 9999.99
678 9999.99
679 9999.99
680 9999.99
681 9999.99
682 9999.99
683 9999.99
684 9999.99
685 9999.99
686 9999.99
687 9999.99
688 9999.99
689 9999.99
690 9999.99
691 9999.99
692 9999.99
693 9999.99
694 9999.99
695 9999.99
696 9999.99
697 9999.99
698 9999.99
699 9999.99
700 9999.99
701 9999.99
702 9999.99
703 9999.99
704 9999.99
705 9999.99
706 9999.99
707 9999.99
708 9999.99
709 9999.99
710 9999.99
711 9999.99
712 9999.99
713 9999.99
714 9999.99
715 9999.99
716 9999.99
717 9999.99
718 9999.99
719 9999.99
720 9999.99
721 9999.99
722 9999.99
723 9999.99
724 9999.99
725 9999.99
726 9999.99
727 9999.99
728 9999.99
729 9999.99
730 9999.99
731 9999.99
732 9999.99
733 9999.99
734 9999.99
735 9999.99
736 9999.99
737 9999.99
738 9999.99
739 9999.99
740 9999.99
741 9999.99
742 9999.99
743 9999.99
744 9999.99
745 9999.99
746 9999.99
747 9999.99
748 9999.99
749 9999.99
750 9999.99
751 9999.99
752 9999.99
753 9999.99
754 9999.99
755 9999.99
756 9999.99
757 9999.99
758 9999.99
759 9999.99
760 9999.99
761 9999.99
762 9999.99
763 9999.99
764 9999.99
765 9999.99
766 9999.99
767 9999.99
768 9999.99
769 9999.99
770 9999.99
771 9999.99
772 9999.99
773 9999.99
774 9999.99
775 9999.99
776 9999.99
777 9999.99
778 9999.99
779 9999.99
780 9999.99
781 9999.99
782 9999.99
783 9999.99
784 9999.99
785 9999.99
786 9999.99
787 9999.99
788 9999.99
789 9999.99
790 9999.99
791 9999.99
792 9999.99
793 9999.99
794 9999.99
795 9999.99
796 9999.99
797 9999.99
798 9999.99
799 9999.99
800 9999.99
801 9999.99
802 9999.99
803 9999.99
804 9999.99
805 9999.99
806 9999.99
807 9999.99
808 9999.99
809 9999.99
810 9999.99
811 9999.99
812 9999.99
813 9999.99
814 9999.99
815 9999.99
816 9999.99
817 9999.99
818 9999.99
819 9999.99
820 9999.99
821 9999.99
822 9999.99
823 9999.99
824 9999.99
825 9999.99
826 9999.99
827 9999.99
828 9999.99
829 9999.99
830 9999.99
831 9999.99
832 9999.99
833 9999.99
834 9999.99
835 9999.99
836 9999.99
837 9999.99
838 9999.99
839 9999.99
840 9999.99
841 9999.99
842 9999.99
843 9999.99
844 9999.99
845 9999.99
846 9999.99
847 9999.99
848 9999.99
849 9999.99
850 9999.99
851 9999.99
852 9999.99
853 9999.99
854 9999.99
855 9999.99
856 9999.99
857 9999.99
858 9999.99
859 9999.99
860 9999.99
861 9999.99
862 9999.99
863 9999.99
864 9999.99
865 9999.99
866 9999.99
867 9999.99
868 9999.99
869 9999.99
870 9999.99
871 9999.99
872 9999.99
873 9999.99
874 9999.99
875 9999.99
876 9999.99
877 9999.99
878 9999.99
879 9999.99
880 9999.99
881 9999.99
882 9999.99
883 9999.99
884 9999.99
885 9999.99
886 9999.99
887 9999.99
888 9999.99
889 9999.99
890 9999.99
891 9999.99
892 9999.99
893 9999.99
894 9999.99
895 9999.99
896 9999.99
897 9999.99
898 9999.99
899 9999.99
900 9999.99
901 9999.99
902 9999.99
903 9999.99
904 9999.99
905 9999.99
906 9999.99
907 9999.99
908 9999.99
909 9999.99
910 9999.99
911 9999.99
912 9999.99
913 9999.99
914 9999.99
915 9999.99
916 9999.99
917 9999.99
918 9999.99
919 9999.99
920 9999.99
921 9999.99
922 9999.99
923 9999.99
924 9999.99
925 9999.99
926 9999.99
927 9999.99
928 9999.99
929 9999.99
930 9999.99
931 9999.99
932 9999.99
933 9999.99
934 9999.99
935 9999.99
936 9999.99
937 9999.99
938 9999.99
939 9999.99
940 9999.99
941 9999.99
942 9999.99
943 9999.99
944 9999.99
945 9999.99
946 9999.99
947 9999.99
948 9999.99
949 9999.99
950 9999.99
951 9999.99
952 9999.99
953 9999.99
954 9999.99
955 9999.99
956 9999.99
957 9999.99
958 9999.99
959 9999.99
960 9999.99
961 9999.99
962 9999.99
963 9999.99
964 9999.99
965 9999.99
966 9999.99
967 9999.99
968 9999.99
969 9999.99
970 9999.99
971 9999.99
972 9999.99
973 9999.99
974 9999.99
975 9999.99
976 9999.99
977 9999.99
978 9999.99
979 9999.99
980 9999.99
981 9999.99
982 9999.99
983 9999.99
984 9999.99
985 9999.99
986 9999.99
987 9999.99
988 9999.99
989 9999.99
990 9999.99
991 9999.99
992 9999.99
993 9999.99
994 9999.99
995 9999.99
996 9999.99
997 9999.99
998 9999.99
999 9999.99
1000 9999.99
1001 9999.99
1002 9999.99
1003 9999.99
1004 9999.99
1005 9999.99
1006 9999.99
1007 9999.99
1008 9999.99
1009 9999.99
1010 9999.99
1011 9999.99
1012 9999.99
1013 9999.99
1014 9999.99
1015 9999.99
1016 9999.99
1017 9999.99
1018 9999.99
1019 9999.99
1020 9999.99
1021 9999.99
1022 9999.99
1023 9999.99
1024 9999.99
1025 9999.99
1026 9999.99
1027 9999.99
1028 9999.99
1029 9999.99
1030 9999.99
1031 9999.99
1032 9999.99
1033 9999.99
1034 9999.99
1035 9999.99
1036 9999.99
1037 9999.99
1038 9999.99
1039 9999.99
1040 9999.99
1041 9999.99
1042 9999.99
1043 9999.99
1044 9999.99
1045 9999.99
1046 9999.99
1047 9999.99
1048 9999.99
1049 9999.99
1050 9999.99
1051 9999.99
1052 9999.99
1053 9999.99
1054 9999.99
1055 9999.99
1056 9999.99
1057 9999.99
1058 9999.99
1059 9999.99
1060 9999.99
1061 9999.99
1062 9999.99
1063 9999.99
1064 9999.99
1065 9999.99
1066 9999.99
1067 9999.99
1068 9999.99
1069 9999.99
1070 9999.99
1071 9999.99
1072 9999.99
1073 9999.99
1074 9999.99
1075 9999.99
1076 9999.99
1077 9999.99
1078 9999.99
1079 9999.99
1080 9999.99
1081 9999.99
1082 9999.99
1083 9999.99
1084 9999.99
1085 9999.99
1086 9999.99
1087 9999.99
1088 9999.99
1089 9999.99
1090 9999.99
1091 9999.99
1092 9999.99
1093 9999.99
1094 9999.99
1095 9999.99
1096 9999.99
1097 9999.99
1098 9999.99
1099 9999.99
1100 9999.99
1101 9999.99
1102 9999.99
1103 9999.99
1104 9999.99
1105 9999.99
1106 9999.99
1107 9999.99
1108 9999.99
1109 9999.99
1110 9999.99
1111 9999.99
1112 9999.99
1113 9999.99
1114 9999.99
1115 9999.99
1116 9999.99
1117 9999.99
1118 9999.99
1119 9999.99
1120 9999.99
1121 9999.99
1122 9999.99
1123 9999.99
1124 9999.99
1125 9999.99
1126 9999.99
1127 9999.99
1128 9999.99
1129 9999.99
1130 9999.99
1131 9999.99
1132 9999.99
1133 9999.99
1134 9999.99
1135 9999.99
1136 9999.99
1137 9999.99
1138 9999.99
1139 9999.99
1140 9999.99
1141 9999.99
1142 9999.99
1143 9999.99
1144 9999.99
1145 9999.99
1146 9999.99
1147 9999.99
1148 9999.99
1149 9999.99
1150 9999.99
1151 9999.99
1152 9999.99
1153 9999.99
1154 9999.99
1155 9999.99
1156 9999.99
1157 9999.99
1158 9999.99
1159 9999.99
1160 9999.99
1161 9999.99
1162 9999.99
1163 9999.99
1164 9999.99
1165 9999.99
1166 9999.99
1167 9999.99
1168 9999.99
1169 9999.99
1170 9999.99
1171 9999.99
1172 9999.99
1173 9999.99
1174 9999.99
1175 9999.99
1176 9999.99
1177 9999.99
1178 9999.99
1179 9999.99
1180 9999.99
1181 9999.99
1182 9999.99
1183 9999.99
1184 9999.99
1185 9999.99
1186 9999.99
1187 9999.99
1188 9999.99
1189 9999.99
1190 9999.99
1191 9999.99
1192 9999.99
1193 9999.99
1194 9999.99
1195 9999.99
1196 9999.99
1197 9999.99
1198 9999.99
1199 9999.99
1200 9999.99
1201 9999.99
1202 9999.99
1203 9999.99
1204 9999.99
1205 9999.99
1206 9999.99
1207 9999.99
1208 9999.99
1209 9999.99
1210 9999.99
1211 9999.99
1212 9999.99
1213 9999.99
1214 9999.99
1215 9999.99
1216 9999.99
1217 9999.99
1218 9999.99
1219 9999.99
1220 9999.99
1221 9999.99
1222 9999.99
1223 9999.99
1224 9999.99
1225 9999.99
1226 9999.99
1227 9999.99
1228 9999.99
1229 9999.99
1230 9999.99
1231 9999.99
1232 9999.99
1233 9999.99
1234 9999.99
1235 9999.99
1236 9999.99
1237 9999.99
1238 9999.99
1239 9999.99
1240 9999.99
1241 9999.99
1242 9999.99
1243 9999.99
1244 9999.99
1245 9999.99
1246 9999.99
1247 9999.99
1248 9999.99
1249 9999.99
1250 9999.99
1251 9999.99
1252 9999.99
1253 9999.99
1254 9999.99
1255 9999.99
1256 9999.99
1257 9999.99
1258 9999.99
1259 9999.99
1260 9999.99
1261 9999.99
1262 9999.99
1263 9999.99
1264 9999.99
1265 9999.99
1266 9999.99
1267 9999.99
1268 9999.99
1269 9999.99
1270 9999.99
1271 9999.99
1272 9999.99
1273 9999.99
1274 9999.99
1275 9999.99
1276 9999.99
1277 9999.99
1278 9999.99
1279 9999.99
1280 9999.99
1281 9999.99
1282 9999.99
1283 9999.99
1284 9999.99
1285 9999.99
1286 9999.99
1287 9999.99
1288 9999.99
1289 9999.99
1290 9999.99
1291 9999.99
1292 9999.99
1293 9999.99
1294 9999.99
1295 9999.99
1296 9999.99
1297 9999.99
1298 9999.99
1299 9999.99
1300 9999.99
1301 9999.99
1302 9999.99
1303 9999.99
1304 9999.99
1305 9999.99
1306 9999.99
1307 9999.99
1308 9999.99
1309 9999.99
1310 9999.99
1311 9999.99
1312 9999.99
1313 9999.99
1314 9999.99
1315 9999.99
1316 9999.99
1317 9999.99
1318 9999.99
1319 9999.99
1320 9999.99
1321 9999.99
1322 9999.99
1323 9999.99
1324 9999.99
1325 9999.99
1326 9999.99
1327 9999.99
1328 9999.99
1329 9999.99
1330 9999.99
1331 9999.99
1332 9999.99
1333 9999.99
1334 9999.99
1335 9999.99
1336 9999.99
1337 9999.99
1338 9999.99
1339 9999.99
1340 9999.99
1341 9999.99
1342 9999.99
1343 9999.99
1344 9999.99
1345 9999.99
1346 9999.99
1347 9999.99
1348 9999.99
1349 9999.99
1350 9999.99
1351 9999.99
1352 9999.99
1353 9999.99
1354 9999.99
1355 9999.99
1356 9999.99
1357 9999.99
1358 9999.99
1359 9999.99
1360 9999.99
1361 9999.99
1362 9999.99
1363 9999.99
1364 9999.99
1365 9999.99
1366 9999.99
1367 9999.99
1368 9999.99
1369 9999.99
1370 9999.99
1371 9999.99
1372 9999.99
1373 9999.99
1374 9999.99
1375 9999.99
1376 9999.99
1377 9999.99
1378 9999.99
1379 9999.99
1380 9999.99
1381 9999.99
1382 9999.99
1383 9999.99
1384 9999.99
1385 9999.99
1386 9999.99
1387 9999.99
1388 9999.99
1389 9999.99
1390 9999.99
1391 9999.99
1392 9999.99
1393 9999.99
1394 9999.99
1395 9999.99
1396 9999.99
1397 9999.99
1398 9999.99
1399 9999.99
1400 9999.99
1401 9999.99
1402 9999.99
1403 9999.99
1404 9999.99
1405 9999.99
1406 9999.99
1407 9999.99
1408 9999.99
1409 9999.99
1410 9999.99
1411 9999.99
1412 9999.99
1413 9999.99
1414 9999.99
1415 9999.99
1416 9999.99
1417 9999.99
1418 9999.99
1419 9999.99
1420 9999.99
1421 9999.99
1422 9999.99
1423 9999.99
1424 9999.99
1425 9999.99
1426 9999.99
1427 9999.99
1428 9999.99
1429 9999.99
1430 9999.99
1431 9999.99
1432 9999.99
1433 9999.99
1434 9999.99
1435 9999.99
1436 9999.99
1437 9999.99
1438 9999.99
1439 9999.99
1440 9999.99
1441 9999.99
1442 9999.99
1443 9999.99
1444 9999.99
1445 9999.99
1446 9999.99
1447 9999.99
1448 9999.99
1449 9999.99
1450 9999.99
1451 9999.99
1452 9999.99
1453 9999.99
1454 9999.99
1455 9999.99
1456 9999.99
1457 9999.99
1458 9999.99
1459 9999.99
1460 9999.99
1461 9999.99
1462 9999.99
1463 9999.99
1464 9999.99
1465 9999.99
1466 9999.99
1467 9999.99
1468 9999.99
1469 9999.99
1470 9999.99
1471 9999.99
1472 9999.99
1473 9999.99
1474 9999.99
1475 9999.99
1476 9999.99
1477 9999.99
1478 9999.99
1479 9999.99
1480 9999.99
1481 9999.99
1482 9999.99
1483 9999.99
1484 9999.99
1485 9999.99
1486 9999.99
1487 9999.99
1488 9999.99
1489 9999.99
1490 9999.99
1491 9999.99
1492 9999.99
1493 9999.99
1494 9999.99
1495 9999.99
1496 9999.99
1497 9999.98
1498 9999.98
1499 9999.98
1500 9999.98
1501 9999.98
1502 9999.98
1503 9999.98
1504 9999.98
1505 9999.98
1506 9999.98
1507 9999.98
1508 9999.98
1509 9999.98
1510 9999.98
1511 9999.98
1512 9999.98
1513 9999.98
1514 9999.98
1515 9999.98
1516 9999.98
1517 9999.98
1518 9999.98
1519 9999.98
1520 9999.98
1521 9999.98
1522 9999.98
1523 9999.98
1524 9999.98
1525 9999.98
1526 9999.98
1527 9999.98
1528 9999.98
1529 9999.98
1530 9999.98
1531 9999.98
1532 9999.98
1533 9999.98
1534 9999.98
1535 9999.98
1536 9999.98
1537 9999.98
1538 9999.98
1539 9999.98
1540 9999.98
1541 9999.98
1542 9999.98
1543 9999.98
1544 9999.98
1545 9999.98
1546 9999.98
1547 9999.98
1548 9999.98
1549 9999.98
1550 9999.98
1551 9999.98
1552 9999.98
1553 9999.98
1554 9999.98
1555 9999.98
1556 9999.98
1557 9999.98
1558 9999.98
1559 9999.98
1560 9999.98
1561 9999.98
1562 9999.98
1563 9999.98
1564 9999.98
1565 9999.98
1566 9999.98
1567 9999.98
1568 9999.98
1569 9999.98
1570 9999.98
1571 9999.98
1572 9999.98
1573 9999.98
1574 9999.98
1575 9999.98
1576 9999.98
1577 9999.98
1578 9999.98
1579 9999.98
1580 9999.98
1581 9999.98
1582 9999.98
1583 9999.98
1584 9999.98
1585 9999.98
1586 9999.98
1587 9999.98
1588 9999.98
1589 9999.98
1590 9999.98
1591 9999.98
1592 9999.98
1593 9999.98
1594 9999.98
1595 9999.98
1596 9999.98
1597 9999.98
1598 9999.98
1599 9999.98
1600 9999.98
1601 9999.98
1602 9999.98
1603 9999.98
1604 9999.98
1605 9999.98
1606 9999.98
1607 9999.98
1608 9999.98
1609 9999.98
1610 9999.98
1611 9999.98
1612 9999.98
1613 9999.98
1614 9999.98
1615 9999.98
1616 9999.98
1617 9999.98
1618 9999.98
1619 9999.98
1620 9999.98
1621 9999.98
1622 9999.98
1623 9999.98
1624 9999.98
1625 9999.98
1626 9999.98
1627 9999.98
1628 9999.98
1629 9999.98
1630 9999.98
1631 9999.98
1632 9999.98
1633 9999.98
1634 9999.98
1635 9999.98
1636 9999.98
1637 9999.98
1638 9999.98
1639 9999.98
1640 9999.98
1641 9999.98
1642 9999.98
1643 9999.98
1644 9999.98
1645 9999.98
1646 9999.98
1647 9999.98
1648 9999.98
1649 9999.98
1650 9999.98
1651 9999.98
1652 9999.98
1653 9999.98
1654 9999.98
1655 9999.98
1656 9999.98
1657 9999.98
1658 9999.98
1659 9999.98
1660 9999.98
1661 9999.98
1662 9999.98
1663 9999.98
1664 9999.98
1665 9999.98
1666 9999.98
1667 9999.98
1668 9999.98
1669 9999.98
1670 9999.98
1671 9999.98
1672 9999.98
1673 9999.98
1674 9999.98
1675 9999.98
1676 9999.98
1677 9999.98
1678 9999.98
1679 9999.98
1680 9999.98
1681 9999.98
1682 9999.98
1683 9999.98
1684 9999.98
1685 9999.98
1686 9999.98
1687 9999.98
1688 9999.98
1689 9999.98
1690 9999.98
1691 9999.98
1692 9999.98
1693 9999.98
1694 9999.98
1695 9999.98
1696 9999.98
1697 9999.98
1698 9999.98
1699 9999.98
1700 9999.98
1701 9999.98
1702 9999.98
1703 9999.98
1704 9999.98
1705 9999.98
1706 9999.98
1707 9999.98
1708 9999.98
1709 9999.98
1710 9999.98
1711 9999.98
1712 9999.98
1713 9999.98
1714 9999.98
1715 9999.98
1716 9999.98
1717 9999.98
1718 9999.98
1719 9999.98
1720 9999.98
1721 9999.98
1722 9999.98
1723 9999.98
1724 9999.98
1725 9999.98
1726 9999.98
1727 9999.98
1728 9999.98
1729 9999.98
1730 9999.98
1731 9999.98
1732 9999.98
1733 9999.98
1734 9999.98
1735 9999.98
1736 9999.98
1737 9999.98
1738 9999.98
1739 9999.98
1740 9999.98
1741 9999.98
1742 9999.98
1743 9999.98
1744 9999.98
1745 9999.98
1746 9999.98
1747 9999.98
1748 9999.98
1749 9999.98
1750 9999.98
1751 9999.98
1752 9999.98
1753 9999.98
1754 9999.98
1755 9999.98
1756 9999.98
1757 9999.98
1758 9999.98
1759 9999.98
1760 9999.98
1761 9999.98
1762 9999.98
1763 9999.98
1764 9999.98
1765 9999.98
1766 9999.98
1767 9999.98
1768 9999.98
1769 9999.98
1770 9999.98
1771 9999.98
1772 9999.98
1773 9999.98
1774 9999.98
1775 9999.98
1776 9999.98
1777 9999.98
1778 9999.98
1779 9999.98
1780 9999.98
1781 9999.98
1782 9999.98
1783 9999.98
1784 9999.98
1785 9999.98
1786 9999.98
1787 9999.98
1788 9999.98
1789 9999.98
1790 9999.98
1791 9999.98
1792 9999.98
1793 9999.98
1794 9999.98
1795 9999.98
1796 9999.98
1797 9999.98
1798 9999.98
1799 9999.98
1800 9999.98
1801 9999.98
1802 9999.98
1803 9999.98
1804 9999.98
1805 9999.98
1806 9999.98
1807 9999.98
1808 9999.98
1809 9999.98
1810 9999.98
1811 9999.98
1812 9999.98
1813 9999.98
1814 9999.98
1815 9999.98
1816 9999.98
1816.16 9999.98
1816.26 9999.97
1816.26 9999.97
1817 9999.97
1818 9999.97
1819 9999.97
1820 9999.97
1821 9999.97
1822 9999.97
1823 9999.97
1824 9999.97
1825 9999.97
1826 9999.97
1827 9999.97
1828 9999.97
1829 9999.97
1830 9999.97
1831 9999.97
1832 9999.97
1833 9999.97
1834 9999.97
1835 9999.97
1836 9999.97
1837 9999.97
1838 9999.97
1839 9999.97
1840 9999.97
1841 9999.97
1842 9999.97
1843 9999.97
1844 9999.97
1845 9999.97
1846 9999.97
1847 9999.97
1848 9999.97
1849 9999.97
1850 9999.97
1851 9999.97
1852 9999.97
1853 9999.97
1854 9999.97
1855 9999.97
1856 9999.97
1857 9999.97
1858 9999.97
1859 9999.97
1860 9999.97
1861 9999.97
1862 9999.97
1863 9999.97
1864 9999.97
1865 9999.97
1866 9999.97
1867 9999.97
1868 9999.97
1869 9999.97
1870 9999.97
1871 9999.97
1872 9999.97
1873 9999.97
1874 9999.97
1875 9999.97
1876 9999.97
1877 9999.97
1878 9999.97
1879 9999.97
1880 9999.97
1881 9999.97
1882 9999.97
1883 9999.97
1884 9999.97
1885 9999.97
1886 9999.97
1887 9999.97
1888 9999.97
1889 9999.97
1890 9999.97
1891 9999.97
1892 9999.97
1893 9999.97
1894 9999.97
1895 9999.97
1896 9999.97
1897 9999.97
1898 9999.97
1899 9999.97
1900 9999.97
1901 9999.97
1902 9999.97
1903 9999.97
1904 9999.97
1905 9999.97
1906 9999.97
1907 9999.97
1908 9999.97
1909 9999.97
1910 9999.97
1911 9999.97
1912 9999.97
1913 9999.97
1914 9999.97
1915 9999.97
1916 9999.97
1917 9999.97
1918 9999.97
1919 9999.97
1920 9999.97
1921 9999.97
1922 9999.97
1923 9999.97
1924 9999.97
1925 9999.97
1926 9999.97
1927 9999.97
1928 9999.97
1929 9999.97
1930 9999.97
1931 9999.97
1932 9999.97
1933 9999.97
1934 9999.97
1935 9999.97
1936 9999.97
1937 9999.97
1938 9999.97
1939 9999.97
1940 9999.97
1941 9999.97
1942 9999.97
1943 9999.97
1944 9999.97
1945 9999.97
1946 9999.97
1947 9999.97
1948 9999.97
1949 9999.97
1950 9999.97
1951 9999.97
1952 9999.97
1953 9999.97
1954 9999.97
1955 9999.97
1956 9999.97
1957 9999.97
1958 9999.97
1959 9999.97
1960 9999.97
1961 9999.97
1962 9999.97
1963 9999.97
1964 9999.97
1965 9999.97
1966 9999.97
1967 9999.97
1968 9999.97
1969 9999.97
1970 9999.97
1971 9999.97
1972 9999.97
1973 9999.97
1974 9999.97
1975 9999.97
1976 9999.97
1977 9999.97
1978 9999.97
1979 9999.97
1980 9999.97
1981 9999.97
1982 9999.97
1983 9999.97
1984 9999.97
1985 9999.97
1986 9999.97
1987 9999.97
1988 9999.97
1989 9999.97
1990 9999.97
1991 9999.97
1992 9999.97
1993 9999.97
1994 9999.97
1995 9999.97
1996 9999.97
1997 9999.97
1998 9999.97
1999 9999.97
2000 9999.97
2001 9999.97
2002 9999.97
2003 9999.97
2004 9999.97
2005 9999.97
2006 9999.97
2007 9999.97
2008 9999.97
2009 9999.97
2010 9999.97
2011 9999.97
2012 9999.97
2013 9999.97
2014 9999.97
2015 9999.97
2016 9999.97
2017 9999.97
2018 9999.97
2019 9999.97
2020 9999.97
2021 9999.97
2022 9999.97
2023 9999.97
2024 9999.97
2025 9999.97
2026 9999.97
2027 9999.97
2028 9999.97
2029 9999.97
2030 9999.97
2031 9999.97
2032 9999.97
2033 9999.97
2034 9999.97
2035 9999.97
2036 9999.97
2037 9999.97
2038 9999.97
2039 9999.97
2040 9999.97
2041 9999.97
2042 9999.97
2043 9999.97
2044 9999.97
2045 9999.97
2046 9999.97
2047 9999.97
2048 9999.97
2049 9999.97
2050 9999.97
2051 9999.97
2052 9999.97
2053 9999.97
2054 9999.97
2055 9999.97
2056 9999.97
2057 9999.97
2058 9999.97
2059 9999.97
2060 9999.97
2061 9999.97
2062 9999.97
2063 9999.97
2064 9999.97
2065 9999.97
2066 9999.97
2067 9999.97
2068 9999.97
2069 9999.97
2070 9999.97
2071 9999.97
2072 9999.97
2073 9999.97
2074 9999.97
2075 9999.97
2076 9999.97
2077 9999.97
2078 9999.97
2079 9999.97
2080 9999.97
2081 9999.97
2082 9999.97
2083 9999.97
2084 9999.97
2085 9999.97
2086 9999.97
2087 9999.97
2088 9999.97
2089 9999.97
2090 9999.97
2091 9999.97
2092 9999.97
2093 9999.97
2094 9999.97
2095 9999.97
2096 9999.97
2097 9999.97
2098 9999.97
2099 9999.97
2100 9999.97
2101 9999.97
2102 9999.97
2103 9999.97
2104 9999.97
2105 9999.97
2106 9999.97
2107 9999.97
2108 9999.97
2109 9999.97
2110 9999.97
2111 9999.97
2112 9999.97
2113 9999.97
2114 9999.97
2115 9999.97
2116 9999.97
2117 9999.97
2118 9999.97
2119 9999.97
2120 9999.97
2121 9999.97
2122 9999.97
2123 9999.97
2124 9999.97
2125 9999.97
2126 9999.97
2127 9999.97
2128 9999.97
2129 9999.97
2130 9999.97
2131 9999.97
2132 9999.97
2133 9999.97
2134 9999.97
2135 9999.97
2136 9999.97
2137 9999.97
2138 9999.97
2139 9999.97
2140 9999.97
2141 9999.97
2142 9999.97
2143 9999.97
2144 9999.97
2145 9999.97
2146 9999.97
2147 9999.97
2148 9999.97
2149 9999.97
2150 9999.97
2151 9999.97
2152 9999.97
2153 9999.97
2154 9999.97
2155 9999.97
2156 9999.97
2157 9999.97
2158 9999.97
2159 9999.97
2160 9999.97
2161 9999.97
2162 9999.97
2163 9999.97
2164 9999.97
2165 9999.97
2166 9999.97
2167 9999.97
2168 9999.97
2169 9999.97
2170 9999.97
2171 9999.97
2172 9999.97
2173 9999.97
2174 9999.97
2175 9999.97
2176 9999.97
2177 9999.97
2178 9999.97
2179 9999.97
2180 9999.97
2181 9999.97
2182 9999.97
2183 9999.97
2184 9999.97
2185 9999.97
2186 9999.97
2187 9999.97
2188 9999.97
2189 9999.97
2190 9999.97
2191 9999.97
2192 9999.97
2193 9999.97
2194 9999.97
2195 9999.97
2196 9999.97
2197 9999.97
2198 9999.97
2199 9999.97
2200 9999.97
2201 9999.97
2202 9999.97
2203 9999.97
2204 9999.97
2205 9999.97
2206 9999.97
2207 9999.97
2208 9999.97
2209 9999.97
2210 9999.97
2211 9999.97
2212 9999.97
2213 9999.97
2214 9999.97
2215 9999.97
2216 9999.97
2217 9999.97
2218 9999.97
2219 9999.97
2220 9999.97
2221 9999.97
2222 9999.97
2223 9999.97
2224 9999.97
2225 9999.97
2226 9999.97
2227 9999.97
2228 9999.97
2229 9999.97
2230 9999.97
2231 9999.97
2232 9999.97
2233 9999.97
2234 9999.97
2235 9999.97
2236 9999.97
2237 9999.97
2238 9999.97
2239 9999.97
2240 9999.97
2241 9999.97
2242 9999.97
2243 9999.97
2244 9999.97
2245 9999.97
2246 9999.97
2247 9999.97
2248 9999.97
2249 9999.97
2250 9999.97
2251 9999.97
2252 9999.97
2253 9999.97
2254 9999.97
2255 9999.97
2256 9999.97
2257 9999.97
2258 9999.97
2259 9999.97
2260 9999.97
2261 9999.97
2262 9999.97
2263 9999.97
2264 9999.97
2265 9999.97
2266 9999.97
2267 9999.97
2268 9999.97
2269 9999.97
2270 9999.97
2271 9999.97
2272 9999.97
2273 9999.97
2274 9999.97
2275 9999.97
2276 9999.97
2277 9999.97
2278 9999.97
2279 9999.97
2280 9999.97
2281 9999.97
2282 9999.97
2283 9999.97
2284 9999.97
2285 9999.97
2286 9999.97
2287 9999.97
2288 9999.97
2289 9999.97
2290 9999.97
2291 9999.97
2292 9999.97
2293 9999.97
2294 9999.97
2295 9999.97
2296 9999.97
2297 9999.97
2298 9999.97
2299 9999.97
2300 9999.97
2301 9999.97
2302 9999.97
2303 9999.97
2304 9999.97
2305 9999.97
2306 9999.97
2307 9999.97
2308 9999.97
2309 9999.97
2310 9999.97
2311 9999.97
2312 9999.97
2313 9999.97
2314 9999.97
2315 9999.97
2316 9999.97
2317 9999.97
2318 9999.97
2319 9999.97
2320 9999.97
2321 9999.97
2322 9999.97
2323 9999.97
2324 9999.97
2325 9999.97
2326 9999.97
2327 9999.97
2328 9999.97
2329 9999.97
2330 9999.97
2331 9999.97
2332 9999.97
2333 9999.97
2334 9999.97
2335 9999.97
2336 9999.97
2337 9999.97
2338 9999.97
2339 9999.97
2340 9999.97
2341 9999.97
2342 9999.97
2343 9999.97
2344 9999.97
2345 9999.97
2346 9999.97
2347 9999.97
2348 9999.97
2349 9999.97
2350 9999.97
2351 9999.97
2352 9999.97
2353 9999.97
2354 9999.97
2355 9999.97
2356 9999.97
2357 9999.97
2358 9999.97
2359 9999.97
2360 9999.97
2361 9999.97
2362 9999.97
2363 9999.97
2364 9999.97
2365 9999.97
2366 9999.97
2367 9999.97
2368 9999.97
2369 9999.97
2370 9999.97
2371 9999.97
2372 9999.97
2373 9999.97
2374 9999.97
2375 9999.97
2376 9999.97
2377 9999.97
2378 9999.97
2379 9999.97
2380 9999.97
2381 9999.97
2382 9999.97
2383 9999.97
2384 9999.97
2385 9999.97
2386 9999.97
2387 9999.97
2388 9999.97
2389 9999.97
2390 9999.97
2391 9999.97
2392 9999.97
2393 9999.97
2394 9999.97
2395 9999.97
2396 9999.97
2397 9999.97
2398 9999.97
2399 9999.97
2400 9999.97
2401 9999.97
2402 9999.97
2403 9999.97
2404 9999.97
2405 9999.97
2406 9999.97
2407 9999.97
2408 9999.97
2409 9999.97
2410 9999.97
2411 9999.97
2412 9999.97
2413 9999.97
2414 9999.97
2415 9999.97
2416 9999.97
2417 9999.97
2418 9999.97
2419 9999.97
2420 9999.97
2421 9999.97
2422 9999.97
2423 9999.97
2424 9999.97
2425 9999.97
2426 9999.97
2427 9999.97
2428 9999.97
2429 9999.97
2430 9999.97
2431 9999.97
2432 9999.97
2433 9999.97
2434 9999.97
2435 9999.97
2436 9999.97
2437 9999.97
2438 9999.97
2439 9999.97
2440 9999.97
2441 9999.97
2442 9999.97
2443 9999.97
2444 9999.97
2445 9999.97
2446 9999.97
2447 9999.97
2448 9999.97
2449 9999.97
2450 9999.97
2451 9999.97
2452 9999.97
2453 9999.97
2454 9999.97
2455 9999.97
2456 9999.97
2457 9999.97
2458 9999.97
2459 9999.97
2460 9999.97
2461 9999.97
2462 9999.97
2463 9999.97
2464 9999.97
2465 9999.97
2466 9999.97
2467 9999.97
2468 9999.97
2469 9999.97
2470 9999.97
2471 9999.97
2472 9999.97
2473 9999.97
2474 9999.97
2475 9999.97
2476 9999.97
2477 9999.97
2478 9999.97
2479 9999.97
2480 9999.97
2481 9999.97
2482 9999.97
2483 9999.97
2484 9999.97
2485 9999.97
2486 9999.97
2487 9999.97
2488 9999.97
2489 9999.97
2490 9999.97
2491 9999.97
2492 9999.97
2493 9999.97
2494 9999.97
2495 9999.97
2496 9999.97
2497 9999.97
2498 9999.97
2499 9999.97
2500 9999.97
2501 9999.97
2502 9999.97
2503 9999.97
2504 9999.97
2505 9999.97
2506 9999.97
2507 9999.97
2508 9999.97
2509 9999.97
2510 9999.97
2511 9999.97
2512 9999.97
2513 9999.97
2514 9999.97
2515 9999.97
2516 9999.97
2517 9999.97
2518 9999.97
2519 9999.97
2520 9999.97
2521 9999.97
2522 9999.97
2523 9999.97
2524 9999.97
2525 9999.97
2526 9999.97
2527 9999.97
2528 9999.97
2529 9999.97
2530 9999.97
2531 9999.97
2532 9999.97
2533 9999.97
2534 9999.97
2535 9999.97
2536 9999.97
2537 9999.97
2538 9999.97
2539 9999.97
2540 9999.97
2541 9999.97
2542 9999.97
2543 9999.97
2544 9999.97
2545 9999.97
2546 9999.97
2547 9999.97
2548 9999.97
2549 9999.97
2550 9999.97
2551 9999.97
2552 9999.97
2553 9999.97
2554 9999.97
2555 9999.97
2556 9999.97
2557 9999.97
2558 9999.97
2559 9999.97
2560 9999.97
2561 9999.97
2562 9999.97
2563 9999.97
2564 9999.97
2565 9999.97
2566 9999.97
2567 9999.97
2568 9999.97
2569 9999.97
2570 9999.97
2571 9999.97
2572 9999.97
2573 9999.97
2574 9999.97
2575 9999.97
2576 9999.97
2577 9999.97
2578 9999.97
2579 9999.97
2580 9999.97
2581 9999.97
2582 9999.97
2583 9999.97
2584 9999.97
2585 9999.97
2586 9999.97
2587 9999.97
2588 9999.97
2589 9999.97
2590 9999.97
2591 9999.97
2592 9999.97
2593 9999.97
2594 9999.97
2595 9999.97
2596 9999.97
2597 9999.97
2598 9999.97
2599 9999.97
2600 9999.97
2601 9999.97
2602 9999.97
2603 9999.97
2604 9999.97
2605 9999.97
2606 9999.97
2607 9999.97
2608 9999.97
2609 9999.97
2610 9999.97
2611 9999.97
2612 9999.97
2613 9999.97
2614 9999.97
2615 9999.97
2616 9999.97
2617 9999.97
2618 9999.97
2619 9999.97
2620 9999.97
2621 9999.97
2622 9999.97
2623 9999.97
2624 9999.97
2625 9999.97
2626 9999.97
2627 9999.97
2628 9999.97
2629 9999.97
2630 9999.97
2631 9999.97
2632 9999.97
2633 9999.97
2634 9999.97
2635 9999.97
2636 9999.97
2637 9999.97
2638 9999.97
2639 9999.97
2640 9999.97
2641 9999.97
2642 9999.97
2643 9999.97
2644 9999.97
2645 9999.97
2646 9999.97
2647 9999.97
2648 9999.97
2649 9999.97
2650 9999.97
2651 9999.97
2652 9999.97
2653 9999.97
2654 9999.97
2655 9999.97
2656 9999.97
2657 9999.97
2658 9999.97
2659 9999.97
2660 9999.97
2661 9999.97
2662 9999.97
2663 9999.97
2664 9999.97
2665 9999.97
2666 9999.97
2667 9999.97
2668 9999.97
2669 9999.97
2670 9999.97
2671 9999.97
2672 9999.97
2673 9999.97
2674 9999.97
2675 9999.97
2676 9999.97
2677 9999.97
2678 9999.97
2679 9999.97
2680 9999.97
2681 9999.97
2682 9999.97
2683 9999.97
2684 9999.97
2685 9999.97
2686 9999.97
2687 9999.97
2688 9999.97
2689 9999.97
2690 9999.97
2691 9999.97
2692 9999.97
2693 9999.97
2694 9999.97
2695 9999.97
2696 9999.97
2697 9999.97
2698 9999.97
2699 9999.97
2700 9999.97
2701 9999.97
2702 9999.97
2703 9999.97
2704 9999.97
2705 9999.97
2706 9999.97
2707 9999.97
2708 9999.97
2709 9999.97
2710 9999.97
2711 9999.97
2712 9999.97
2713 9999.97
2714 9999.97
2715 9999.97
2716 9999.97
2717 9999.97
2718 9999.97
2719 9999.97
2720 9999.97
2721 9999.97
2722 9999.97
2723 9999.97
2724 9999.97
2725 9999.97
2726 9999.97
2727 9999.97
2728 9999.97
2729 9999.97
2730 9999.97
2731 9999.97
2732 9999.97
2733 9999.97
2734 9999.97
2735 9999.97
2736 9999.97
2737 9999.97
2738 9999.97
2739 9999.97
2740 9999.97
2741 9999.97
2742 9999.97
2743 9999.97
2744 9999.97
2745 9999.97
2746 9999.97
2747 9999.97
2748 9999.97
2749 9999.97
2750 9999.97
2751 9999.97
2752 9999.97
2753 9999.97
2754 9999.97
2755 9999.97
2756 9999.97
2757 9999.97
2758 9999.97
2759 9999.97
2760 9999.97
2761 9999.97
2762 9999.97
2763 9999.97
2764 9999.97
2765 9999.97
2766 9999.97
2767 9999.97
2768 9999.97
2769 9999.97
2770 9999.97
2771 9999.97
2772 9999.97
2773 9999.97
2774 9999.97
2775 9999.97
2776 9999.97
2777 9999.97
2778 9999.97
2779 9999.97
2780 9999.97
2781 9999.97
2782 9999.97
2783 9999.97
2784 9999.97
2785 9999.97
2786 9999.97
2787 9999.97
2788 9999.97
2789 9999.97
2790 9999.97
2791 9999.97
2792 9999.97
2793 9999.97
2794 9999.97
2795 9999.97
2796 9999.97
2797 9999.97
2798 9999.97
2799 9999.97
2800 9999.97
2801 9999.97
2802 9999.97
2803 9999.97
2804 9999.97
2805 9999.97
2806 9999.97
2807 9999.97
2808 9999.97
2809 9999.97
2810 9999.97
2811 9999.97
2812 9999.97
2813 9999.97
2814 9999.97
2815 9999.97
2816 9999.97
2817 9999.97
2818 9999.97
2819 9999.97
2820 9999.97
2821 9999.97
2822 9999.97
2823 9999.97
2824 9999.97
2825 9999.97
2826 9999.97
2827 9999.97
2828 9999.97
2829 9999.97
2830 9999.97
2831 9999.97
2832 9999.97
2833 9999.97
2834 9999.97
2835 9999.97
2836 9999.97
2837 9999.97
2838 9999.97
2839 9999.97
2840 9999.97
2841 9999.97
2842 9999.97
2843 9999.97
2844 9999.97
2845 9999.97
2846 9999.97
2847 9999.97
2848 9999.97
2849 9999.97
2850 9999.97
2851 9999.97
2852 9999.97
2853 9999.97
2854 9999.97
2855 9999.97
2856 9999.97
2857 9999.97
2858 9999.97
2859 9999.97
2860 9999.97
2861 9999.97
2862 9999.97
2863 9999.97
2864 9999.97
2865 9999.97
2866 9999.97
2867 9999.97
2868 9999.97
2869 9999.97
2870 9999.97
2871 9999.97
2872 9999.97
2873 9999.97
2874 9999.97
2875 9999.97
2876 9999.97
2877 9999.97
2878 9999.97
2879 9999.97
2880 9999.97
2881 9999.97
2882 9999.97
2883 9999.97
2884 9999.97
2885 9999.97
2886 9999.97
2887 9999.97
2888 9999.97
2889 9999.97
2890 9999.97
2891 9999.97
2892 9999.97
2893 9999.97
2894 9999.97
2895 9999.97
2896 9999.97
2897 9999.97
2898 9999.97
2899 9999.97
2900 9999.97
2901 9999.97
2902 9999.97
2903 9999.97
2904 9999.97
2905 9999.97
2906 9999.97
2907 9999.97
2908 9999.97
2909 9999.97
2910 9999.97
2911 9999.97
2912 9999.97
2913 9999.97
2914 9999.97
2915 9999.97
2916 9999.97
2917 9999.97
2918 9999.97
2919 9999.97
2920 9999.97
2921 9999.97
2922 9999.97
2923 9999.97
2924 9999.97
2925 9999.97
2926 9999.97
2927 9999.97
2928 9999.97
2929 9999.97
2930 9999.97
2931 9999.97
2932 9999.97
2933 9999.97
2934 9999.97
2935 9999.97
2936 9999.97
2937 9999.97
2938 9999.97
2939 9999.97
2940 9999.97
2941 9999.97
2942 9999.97
2943 9999.97
2944 9999.97
2945 9999.97
2946 9999.97
2947 9999.97
2948 9999.97
2949 9999.97
2950 9999.97
2951 9999.97
2952 9999.97
2953 9999.97
2954 9999.97
2955 9999.97
2956 9999.97
2957 9999.97
2958 9999.97
2959 9999.97
2960 9999.97
2961 9999.97
2962 9999.97
2963 9999.97
2964 9999.97
2965 9999.97
2966 9999.97
2967 9999.97
2968 9999.97
2969 9999.97
2970 9999.97
2971 9999.97
2972 9999.97
2973 9999.97
2974 9999.97
2975 9999.97
2976 9999.97
2977 9999.97
2978 9999.97
2979 9999.97
2980 9999.97
2981 9999.97
2982 9999.97
2983 9999.97
2984 9999.97
2985 9999.97
2986 9999.97
2987 9999.97
2988 9999.97
2989 9999.97
2990 9999.97
2991 9999.97
2992 9999.97
2993 9999.97
2994 9999.97
2995 9999.97
2996 9999.97
2997 9999.97
2998 9999.97
2999 9999.97
3000 9999.97
3001 9999.97
3002 9999.97
3003 9999.97
3004 9999.97
3005 9999.97
3006 9999.97
3007 9999.97
3008 9999.97
3009 9999.97
3010 9999.97
3011 9999.97
3012 9999.97
3013 9999.97
3014 9999.97
3015 9999.97
3016 9999.97
3017 9999.97
3018 9999.97
3019 9999.97
3020 9999.97
3021 9999.97
3022 9999.97
3023 9999.97
3024 9999.97
3025 9999.97
3026 9999.97
3027 9999.97
3028 9999.97
3029 9999.97
3030 9999.97
3031 9999.97
3032 9999.97
3033 9999.97
3034 9999.97
3035 9999.97
3036 9999.97
3037 9999.97
3038 9999.97
3039 9999.97
3040 9999.97
3041 9999.97
3042 9999.97
3043 9999.97
3044 9999.97
3045 9999.97
3046 9999.97
3047 9999.97
3048 9999.97
3049 9999.97
3050 9999.97
3051 9999.97
3052 9999.97
3053 9999.97
3054 9999.97
3055 9999.97
3056 9999.97
3057 9999.97
3058 9999.97
3059 9999.97
3060 9999.97
3061 9999.97
3062 9999.97
3063 9999.97
3064 9999.97
3065 9999.97
3066 9999.97
3067 9999.97
3068 9999.97
3069 9999.97
3070 9999.97
3071 9999.97
3072 9999.97
3073 9999.97
3074 9999.97
3075 9999.97
3076 9999.97
3077 9999.97
3078 9999.97
3079 9999.97
3080 9999.97
3081 9999.97
3082 9999.97
3083 9999.97
3084 9999.97
3085 9999.97
3086 9999.97
3087 9999.97
3088 9999.97
3089 9999.97
3090 9999.97
3091 9999.97
3092 9999.97
3093 9999.97
3094 9999.97
3095 9999.97
3096 9999.97
3097 9999.97
3098 9999.97
3099 9999.97
3100 9999.97
3101 9999.97
3102 9999.97
3103 9999.97
3104 9999.97
3105 9999.97
3106 9999.97
3107 9999.97
3108 9999.97
3109 9999.97
3110 9999.97
3111 9999.97
3112 9999.97
3113 9999.97
3114 9999.97
3115 9999.97
3116 9999.97
3117 9999.97
3118 9999.97
3119 9999.97
3120 9999.97
3121 9999.97
3122 9999.97
3123 9999.97
3124 9999.97
3125 9999.97
3126 9999.97
3127 9999.97
3128 9999.97
3129 9999.97
3130 9999.97
3131 9999.97
3132 9999.97
3133 9999.97
3134 9999.97
3135 9999.97
3136 9999.97
3137 9999.97
3138 9999.97
3139 9999.97
3140 9999.97
3141 9999.97
3142 9999.97
3143 9999.97
3144 9999.97
3145 9999.97
3146 9999.97
3147 9999.97
3148 9999.97
3149 9999.97
3150 9999.97
3151 9999.97
3152 9999.97
3153 9999.97
3154 9999.97
3155 9999.97
3156 9999.97
3157 9999.97
3158 9999.97
3159 9999.97
3160 9999.97
3161 9999.97
3162 9999.97
3163 9999.97
3164 9999.97
3165 9999.97
3166 9999.97
3167 9999.97
3168 9999.97
3169 9999.97
3170 9999.97
3171 9999.97
3172 9999.97
3173 9999.97
3174 9999.97
3175 9999.97
3176 9999.97
3177 9999.97
3178 9999.97
3179 9999.97
3180 9999.97
3181 9999.97
3182 9999.97
3183 9999.97
3184 9999.97
3185 9999.97
3186 9999.97
3187 9999.97
3188 9999.97
3189 9999.97
3190 9999.97
3191 9999.97
3192 9999.97
3193 9999.97
3194 9999.97
3195 9999.97
3196 9999.97
3197 9999.97
3198 9999.97
3199 9999.97
3200 9999.97
3201 9999.97
3202 9999.97
3203 9999.97
3204 9999.97
3205 9999.97
3206 9999.97
3207 9999.97
3208 9999.97
3209 9999.97
3210 9999.97
3211 9999.97
3212 9999.97
3213 9999.97
3214 9999.97
3215 9999.97
3216 9999.97
3217 9999.97
3218 9999.97
3219 9999.97
3220 9999.97
3221 9999.97
3222 9999.97
3223 9999.97
3224 9999.97
3225 9999.97
3226 9999.97
3227 9999.97
3228 9999.97
3229 9999.97
3230 9999.97
3231 9999.97
3232 9999.97
3233 9999.97
3234 9999.97
3235 9999.97
3236 9999.97
3237 9999.97
3238 9999.97
3239 9999.97
3240 9999.97
3241 9999.97
3242 9999.97
3243 9999.97
3244 9999.97
3245 9999.97
3246 9999.97
3247 9999.97
3248 9999.97
3249 9999.97
3250 9999.97
3251 9999.97
3252 9999.97
3253 9999.97
3254 9999.97
3255 9999.97
3256 9999.97
3257 9999.97
3258 9999.97
3259 9999.97
3260 9999.97
3261 9999.97
3262 9999.97
3263 9999.97
3264 9999.97
3265 9999.97
3266 9999.97
3267 9999.97
3268 9999.97
3269 9999.97
3270 9999.97
3271 9999.97
3272 9999.97
3273 9999.97
3274 9999.97
3275 9999.97
3276 9999.97
3277 9999.97
3278 9999.97
3279 9999.97
3280 9999.97
3281 9999.97
3282 9999.97
3283 9999.97
3284 9999.97
3285 9999.97
3286 9999.97
3287 9999.97
3288 9999.97
3289 9999.97
3290 9999.97
3291 9999.97
3292 9999.97
3293 9999.97
3294 9999.97
3295 9999.97
3296 9999.97
3297 9999.97
3298 9999.97
3299 9999.97
3300 9999.97
3301 9999.97
3302 9999.97
3303 9999.97
3304 9999.97
3305 9999.97
3306 9999.97
3307 9999.97
3308 9999.97
3309 9999.97
3310 9999.97
3311 9999.97
3312 9999.97
3313 9999.97
3314 9999.97
3315 9999.97
3316 9999.97
3317 9999.97
3318 9999.97
3319 9999.97
3320 9999.97
3321 9999.97
3322 9999.97
3323 9999.97
3324 9999.97
3325 9999.97
3326 9999.97
3327 9999.97
3328 9999.97
3329 9999.97
3330 9999.97
3331 9999.97
3332 9999.97
3333 9999.97
3334 9999.97
3335 9999.97
3336 9999.97
3337 9999.97
3338 9999.97
3339 9999.97
3340 9999.97
3341 9999.97
3342 9999.97
3343 9999.97
3344 9999.97
3345 9999.97
3346 9999.97
3347 9999.97
3348 9999.97
3349 9999.97
3350 9999.97
3351 9999.97
3352 9999.97
3353 9999.97
3354 9999.97
3355 9999.97
3356 9999.97
3357 9999.97
3358 9999.97
3359 9999.97
3360 9999.97
3361 9999.97
3362 9999.97
3363 9999.97
3364 9999.97
3365 9999.97
3366 9999.97
3367 9999.97
3368 9999.97
3369 9999.97
3370 9999.97
3371 9999.97
3372 9999.97
3373 9999.97
3374 9999.97
3375 9999.97
3376 9999.97
3377 9999.97
3378 9999.97
3379 9999.97
3380 9999.97
3381 9999.97
3382 9999.97
3383 9999.97
3384 9999.97
3385 9999.97
3386 9999.97
3387 9999.97
3388 9999.97
3389 9999.97
3390 9999.97
3391 9999.97
3392 9999.97
3393 9999.97
3394 9999.97
3395 9999.97
3396 9999.97
3397 9999.97
3398 9999.97
3399 9999.97
3400 9999.97
3401 9999.97
3402 9999.97
3403 9999.97
3404 9999.97
3405 9999.97
3406 9999.97
3407 9999.97
3408 9999.97
3409 9999.97
3410 9999.97
3411 9999.97
3412 9999.97
3413 9999.97
3414 9999.97
3415 9999.97
3416 9999.97
3417 9999.97
3418 9999.97
3419 9999.97
3420 9999.97
3421 9999.97
3422 9999.97
3423 9999.97
3424 9999.97
3425 9999.97
3426 9999.97
3427 9999.97
3428 9999.97
3429 9999.97
3430 9999.97
3431 9999.97
3432 9999.97
3433 9999.97
3434 9999.97
3435 9999.97
3436 9999.97
3437 9999.97
3438 9999.97
3439 9999.97
3440 9999.97
3441 9999.97
3442 9999.97
3443 9999.97
3444 9999.97
3445 9999.97
3446 9999.97
3447 9999.97
3448 9999.97
3449 9999.97
3450 9999.97
3451 9999.97
3452 9999.97
3453 9999.97
3454 9999.97
3455 9999.97
3456 9999.97
3457 9999.97
3458 9999.97
3459 9999.97
3460 9999.97
3461 9999.97
3462 9999.97
3463 9999.97
3464 9999.97
3465 9999.97
3466 9999.97
3467 9999.97
3468 9999.97
3469 9999.97
3470 9999.97
3471 9999.97
3472 9999.97
3473 9999.97
3474 9999.97
3475 9999.97
3476 9999.97
3477 9999.97
3478 9999.97
3479 9999.97
3480 9999.97
3481 9999.97
3482 9999.97
3483 9999.97
3484 9999.97
3485 9999.97
3486 9999.97
3487 9999.97
3488 9999.97
3489 9999.97
3490 9999.97
3491 9999.97
3492 9999.97
3493 9999.97
3494 9999.97
3495 9999.97
3496 9999.97
3497 9999.97
3498 9999.97
3499 9999.97
3500 9999.97
3501 9999.97
3502 9999.97
3503 9999.97
3504 9999.97
3505 9999.97
3506 9999.97
3507 9999.97
3508 9999.97
3509 9999.97
3510 9999.97
3511 9999.97
3512 9999.97
3513 9999.97
3514 9999.97
3515 9999.97
3516 9999.97
3517 9999.97
3518 9999.97
3519 9999.97
3520 9999.97
3521 9999.97
3522 9999.97
3523 9999.97
3524 9999.97
3525 9999.97
3526 9999.97
3527 9999.97
3528 9999.97
3529 9999.97
3530 9999.97
3531 9999.97
3532 9999.97
3533 9999.97
3534 9999.97
3535 9999.97
3536 9999.97
3537 9999.97
3538 9999.97
3539 9999.97
3540 9999.97
3541 9999.97
3542 9999.97
3543 9999.97
3544 9999.97
3545 9999.97
3546 9999.97
3547 9999.97
3548 9999.97
3549 9999.97
3550 9999.97
3551 9999.97
3552 9999.97
3553 9999.97
3554 9999.97
3555 9999.97
3556 9999.97
3557 9999.97
3558 9999.97
3559 9999.97
3560 9999.97
3561 9999.97
3562 9999.97
3563 9999.97
3564 9999.97
3565 9999.97
3566 9999.97
3567 9999.97
3568 9999.97
3569 9999.97
3570 9999.97
3571 9999.97
3572 9999.97
3573 9999.97
3574 9999.97
3575 9999.97
3576 9999.97
3577 9999.97
3578 9999.97
3579 9999.97
3580 9999.97
3581 9999.97
3582 9999.97
3583 9999.97
3584 9999.97
3585 9999.97
3586 9999.97
3587 9999.97
3588 9999.97
3589 9999.97
3590 9999.97
3591 9999.97
3592 9999.97
3593 9999.97
3594 9999.97
3595 9999.97
3596 9999.97
3597 9999.97
3598 9999.97
3599 9999.97
3600 9999.97
3601 9999.97
3602 9999.97
3603 9999.97
3604 9999.97
3605 9999.97
3606 9999.97
3607 9999.97
3608 9999.97
3609 9999.97
3610 9999.97
3611 9999.97
3612 9999.97
3613 9999.97
3614 9999.97
3615 9999.97
3616 9999.97
3617 9999.97
3618 9999.97
3619 9999.97
3620 9999.97
3621 9999.96
3622 9999.96
3623 9999.96
3624 9999.96
3624.24 9999.96
3624.34 9999.96
3624.34 9999.96
3625 9999.96
3626 9999.96
3627 9999.96
3628 9999.96
3629 9999.96
3630 9999.95
3631 9999.95
3632 9999.95
3633 9999.95
3634 9999.95
3635 9999.95
3636 9999.95
3637 9999.95
3638 9999.95
3639 9999.95
3640 9999.95
3641 9999.95
3642 9999.95
3643 9999.95
3644 9999.95
3645 9999.95
3646 9999.95
3647 9999.95
3648 9999.95
3649 9999.95
3650 9999.95
3651 9999.95
3652 9999.95
3653 9999.95
3654 9999.95
3655 9999.95
3656 9999.95
3657 9999.95
3658 9999.95
3659 9999.95
3660 9999.95
3661 9999.95
3662 9999.95
3663 9999.95
3664 9999.95
3665 9999.95
3666 9999.95
3667 9999.95
3668 9999.95
3669 9999.95
3670 9999.95
3671 9999.95
3672 9999.95
3673 9999.95
3674 9999.95
3675 9999.95
3676 9999.95
3677 9999.95
3678 9999.95
3679 9999.95
3680 9999.95
3681 9999.95
3682 9999.95
3683 9999.95
3684 9999.95
3685 9999.95
3686 9999.95
3687 9999.95
3688 9999.95
3689 9999.95
3690 9999.95
3691 9999.95
3692 9999.95
3693 9999.95
3694 9999.95
3695 9999.95
3696 9999.95
3697 9999.95
3698 9999.95
3699 9999.95
3700 9999.95
3701 9999.95
3702 9999.95
3703 9999.95
3704 9999.95
3705 9999.95
3706 9999.95
3707 9999.95
3708 9999.95
3709 9999.95
3710 9999.95
3711 9999.95
3712 9999.95
3713 9999.95
3714 9999.95
3715 9999.95
3716 9999.95
3717 9999.95
3718 9999.95
3719 9999.95
3720 9999.95
3721 9999.95
3722 9999.95
3723 9999.95
3724 9999.95
3725 9999.95
3726 9999.95
3727 9999.95
3728 9999.95
3729 9999.95
3730 9999.95
3731 9999.95
3732 9999.95
3733 9999.95
3734 9999.95
3735 9999.95
3736 9999.95
3737 9999.95
3738 9999.95
3739 9999.95
3740 9999.95
3741 9999.95
3742 9999.95
3743 9999.95
3744 9999.95
3745 9999.95
3746 9999.95
3747 9999.95
3748 9999.95
3749 9999.95
3750 9999.95
3751 9999.95
3752 9999.95
3753 9999.95
3754 9999.95
3755 9999.95
3756 9999.95
3757 9999.95
3758 9999.95
3759 9999.95
3760 9999.95
3761 9999.95
3762 9999.95
3763 9999.95
3764 9999.95
3765 9999.95
3766 9999.95
3767 9999.95
3768 9999.95
3769 9999.95
3770 9999.95
3771 9999.95
3772 9999.95
3773 9999.95
3774 9999.95
3775 9999.95
3776 9999.95
3777 9999.95
3778 9999.95
3779 9999.95
3780 9999.95
3781 9999.95
3782 9999.95
3783 9999.95
3784 9999.95
3785 9999.95
3786 9999.95
3787 9999.95
3788 9999.95
3789 9999.95
3790 9999.95
3791 9999.95
3792 9999.95
3793 9999.95
3794 9999.95
3795 9999.95
3796 9999.95
3797 9999.95
3798 9999.95
3799 9999.95
3800 9999.95
3801 9999.95
3802 9999.95
3803 9999.95
3804 9999.95
3805 9999.95
3806 9999.95
3807 9999.95
3808 9999.95
3809 9999.95
3810 9999.95
3811 9999.95
3812 9999.95
3813 9999.95
3814 9999.95
3815 9999.95
3816 9999.95
3817 9999.95
3818 9999.95
3819 9999.95
3820 9999.95
3821 9999.95
3822 9999.95
3823 9999.95
3824 9999.95
3825 9999.95
3826 9999.95
3827 9999.95
3828 9999.95
3829 9999.95
3830 9999.95
3831 9999.95
3832 9999.95
3833 9999.95
3834 9999.95
3835 9999.95
3836 9999.95
3837 9999.95
3838 9999.95
3839 9999.95
3840 9999.95
3841 9999.95
3842 9999.95
3843 9999.95
3844 9999.95
3845 9999.95
3846 9999.95
3847 9999.95
3848 9999.95
3849 9999.95
3850 9999.95
3851 9999.95
3852 9999.95
3853 9999.95
3854 9999.95
3855 9999.95
3856 9999.95
3857 9999.95
3858 9999.95
3859 9999.95
3860 9999.95
3861 9999.95
3862 9999.95
3863 9999.95
3864 9999.95
3865 9999.95
3866 9999.95
3867 9999.95
3868 9999.95
3869 9999.95
3870 9999.95
3871 9999.95
3872 9999.95
3873 9999.95
3874 9999.95
3875 9999.95
3876 9999.95
3877 9999.95
3878 9999.95
3879 9999.95
3880 9999.95
3881 9999.95
3882 9999.95
3883 9999.95
3884 9999.95
3885 9999.95
3886 9999.95
3887 9999.95
3888 9999.95
3889 9999.95
3890 9999.95
3891 9999.95
3892 9999.95
3893 9999.95
3894 9999.95
3895 9999.95
3896 9999.95
3897 9999.95
3898 9999.95
3899 9999.95
3900 9999.95
3901 9999.95
3902 9999.95
3903 9999.95
3904 9999.95
3905 9999.95
3906 9999.95
3907 9999.95
3908 9999.95
3909 9999.95
3910 9999.95
3911 9999.95
3912 9999.95
3913 9999.95
3914 9999.95
3915 9999.95
3916 9999.95
3917 9999.95
3918 9999.95
3919 9999.95
3920 9999.95
3921 9999.95
3922 9999.95
3923 9999.95
3924 9999.95
3925 9999.95
3926 9999.95
3927 9999.95
3928 9999.95
3929 9999.95
3930 9999.95
3931 9999.95
3932 9999.95
3933 9999.95
3934 9999.95
3935 9999.95
3936 9999.95
3937 9999.95
3938 9999.95
3939 9999.95
3940 9999.95
3941 9999.95
3942 9999.95
3943 9999.95
3944 9999.95
3945 9999.95
3946 9999.95
3947 9999.95
3948 9999.95
3949 9999.95
3950 9999.95
3951 9999.95
3952 9999.95
3953 9999.95
3954 9999.95
3955 9999.95
3956 9999.95
3957 9999.95
3958 9999.95
3959 9999.95
3960 9999.95
3961 9999.95
3962 9999.95
3963 9999.95
3964 9999.95
3965 9999.95
3966 9999.95
3967 9999.95
3968 9999.95
3969 9999.95
3970 9999.95
3971 9999.95
3972 9999.95
3973 9999.95
3974 9999.95
3975 9999.95
3976 9999.95
3977 9999.95
3978 9999.95
3979 9999.95
3980 9999.95
3981 9999.95
3982 9999.95
3983 9999.95
3984 9999.95
3985 9999.95
3986 9999.95
3987 9999.95
3988 9999.95
3989 9999.95
3990 9999.95
3991 9999.95
3992 9999.95
3993 9999.95
3994 9999.95
3995 9999.95
3996 9999.95
3997 9999.95
3998 9999.95
3999 9999.95
4000 9999.95
4001 9999.95
4002 9999.95
4003 9999.95
4004 9999.95
4005 9999.95
4006 9999.95
4007 9999.95
4008 9999.95
4009 9999.95
4010 9999.95
4011 9999.95
4012 9999.95
4013 9999.95
4014 9999.95
4015 9999.95
4016 9999.95
4017 9999.95
4018 9999.95
4019 9999.95
4020 9999.95
4021 9999.95
4022 9999.95
4023 9999.95
4024 9999.95
4025 9999.95
4026 9999.95
4027 9999.95
4028 9999.95
4029 9999.95
4030 9999.95
4031 9999.95
4032 9999.95
4033 9999.95
4034 9999.95
4035 9999.95
4036 9999.95
4037 9999.95
4038 9999.95
4039 9999.95
4040 9999.95
4041 9999.95
4042 9999.95
4043 9999.95
4044 9999.95
4045 9999.95
4046 9999.95
4047 9999.95
4048 9999.95
4049 9999.95
4050 9999.95
4051 9999.95
4052 9999.95
4053 9999.95
4054 9999.95
4055 9999.95
4056 9999.95
4057 9999.95
4058 9999.95
4059 9999.95
4060 9999.95
4061 9999.95
4062 9999.95
4063 9999.95
4064 9999.95
4065 9999.95
4066 9999.95
4067 9999.95
4068 9999.95
4069 9999.95
4070 9999.95
4071 9999.95
4072 9999.95
4073 9999.95
4074 9999.95
4075 9999.95
4076 9999.95
4077 9999.95
4078 9999.95
4079 9999.95
4080 9999.95
4081 9999.95
4082 9999.95
4083 9999.95
4084 9999.95
4085 9999.95
4086 9999.95
4087 9999.95
4088 9999.95
4089 9999.95
4090 9999.95
4091 9999.95
4092 9999.95
4093 9999.95
4094 9999.95
4095 9999.95
4096 9999.95
4097 9999.95
4098 9999.95
4099 9999.95
4100 9999.95
4101 9999.95
4102 9999.95
4103 9999.95
4104 9999.95
4105 9999.95
4106 9999.95
4107 9999.95
4108 9999.95
4109 9999.95
4110 9999.95
4111 9999.95
4112 9999.95
4113 9999.95
4114 9999.95
4115 9999.95
4116 9999.95
4117 9999.95
4118 9999.95
4119 9999.95
4120 9999.95
4121 9999.95
4122 9999.95
4123 9999.95
4124 9999.95
4125 9999.95
4126 9999.95
4127 9999.95
4128 9999.95
4129 9999.95
4130 9999.95
4131 9999.95
4132 9999.95
4133 9999.95
4134 9999.95
4135 9999.95
4136 9999.95
4137 9999.95
4138 9999.95
4139 9999.95
4140 9999.95
4141 9999.95
4142 9999.95
4143 9999.95
4144 9999.95
4145 9999.95
4146 9999.95
4147 9999.95
4148 9999.95
4149 9999.95
4150 9999.95
4151 9999.95
4152 9999.95
4153 9999.95
4154 9999.95
4155 9999.95
4156 9999.95
4157 9999.95
4158 9999.95
4159 9999.95
4160 9999.95
4161 9999.95
4162 9999.95
4163 9999.95
4164 9999.95
4165 9999.95
4166 9999.95
4167 9999.95
4168 9999.95
4169 9999.95
4170 9999.95
4171 9999.95
4172 9999.95
4173 9999.95
4174 9999.95
4175 9999.95
4176 9999.95
4177 9999.95
4178 9999.95
4179 9999.95
4180 9999.95
4181 9999.95
4182 9999.95
4183 9999.95
4184 9999.95
4185 9999.95
4186 9999.95
4187 9999.95
4188 9999.95
4189 9999.95
4190 9999.95
4191 9999.95
4192 9999.95
4193 9999.95
4194 9999.95
4195 9999.95
4196 9999.95
4197 9999.95
4198 9999.95
4199 9999.95
4200 9999.95
4201 9999.95
4202 9999.95
4203 9999.95
4204 9999.95
4205 9999.95
4206 9999.95
4207 9999.95
4208 9999.95
4209 9999.95
4210 9999.95
4211 9999.95
4212 9999.95
4213 9999.95
4214 9999.95
4215 9999.95
4216 9999.95
4217 9999.95
4218 9999.95
4219 9999.95
4220 9999.95
4221 9999.95
4222 9999.95
4223 9999.95
4224 9999.95
4225 9999.95
4226 9999.95
4227 9999.95
4228 9999.95
4229 9999.95
4230 9999.95
4231 9999.95
4232 9999.95
4233 9999.95
4234 9999.95
4235 9999.95
4236 9999.95
4237 9999.95
4238 9999.95
4239 9999.95
4240 9999.95
4241 9999.95
4242 9999.95
4243 9999.95
4244 9999.95
4245 9999.95
4246 9999.95
4247 9999.95
4248 9999.95
4249 9999.95
4250 9999.95
4251 9999.95
4252 9999.95
4253 9999.95
4254 9999.95
4255 9999.95
4256 9999.95
4257 9999.95
4258 9999.95
4259 9999.95
4260 9999.95
4261 9999.95
4262 9999.95
4263 9999.95
4264 9999.95
4265 9999.95
4266 9999.95
4267 9999.95
4268 9999.95
4269 9999.95
4270 9999.95
4271 9999.95
4272 9999.95
4273 9999.95
4274 9999.95
4275 9999.95
4276 9999.95
4277 9999.95
4278 9999.95
4279 9999.95
4280 9999.95
4281 9999.95
4282 9999.95
4283 9999.95
4284 9999.95
4285 9999.95
4286 9999.95
4287 9999.95
4288 9999.95
4289 9999.95
4290 9999.95
4291 9999.95
4292 9999.95
4293 9999.95
4294 9999.95
4295 9999.95
4296 9999.95
4297 9999.95
4298 9999.95
4299 9999.95
4300 9999.95
4301 9999.95
4302 9999.95
4303 9999.95
4304 9999.95
4305 9999.95
4306 9999.95
4307 9999.95
4308 9999.95
4309 9999.95
4310 9999.95
4311 9999.95
4312 9999.95
4313 9999.95
4314 9999.95
4315 9999.95
4316 9999.95
4317 9999.95
4318 9999.95
4319 9999.95
4320 9999.95
4321 9999.95
4322 9999.95
4323 9999.95
4324 9999.95
4325 9999.95
4326 9999.95
4327 9999.95
4328 9999.95
4329 9999.95
4330 9999.95
4331 9999.95
4332 9999.95
4333 9999.95
4334 9999.95
4335 9999.95
4336 9999.95
4337 9999.95
4338 9999.95
4339 9999.95
4340 9999.95
4341 9999.95
4342 9999.95
4343 9999.95
4344 9999.95
4345 9999.95
4346 9999.95
4347 9999.95
4348 9999.95
4349 9999.95
4350 9999.95
4351 9999.95
4352 9999.95
4353 9999.95
4354 9999.95
4355 9999.95
4356 9999.95
4357 9999.95
4358 9999.95
4359 9999.95
4360 9999.95
4361 9999.95
4362 9999.95
4363 9999.95
4364 9999.95
4365 9999.95
4366 9999.95
4367 9999.95
4368 9999.95
4369 9999.95
4370 9999.95
4371 9999.95
4372 9999.95
4373 9999.95
4374 9999.95
4375 9999.95
4376 9999.95
4377 9999.95
4378 9999.95
4379 9999.95
4380 9999.95
4381 9999.95
4382 9999.95
4383 9999.95
4384 9999.95
4385 9999.95
4386 9999.95
4387 9999.95
4388 9999.95
4389 9999.95
4390 9999.95
4391 9999.95
4392 9999.95
4393 9999.95
4394 9999.95
4395 9999.95
4396 9999.95
4397 9999.95
4398 9999.95
4399 9999.95
4400 9999.95
4401 9999.95
4402 9999.95
4403 9999.95
4404 9999.95
4405 9999.95
4406 9999.95
4407 9999.95
4408 9999.95
4409 9999.95
4410 9999.95
4411 9999.95
4412 9999.95
4413 9999.95
4414 9999.95
4415 9999.95
4416 9999.95
4417 9999.95
4418 9999.95
4419 9999.95
4420 9999.95
4421 9999.95
4422 9999.95
4423 9999.95
4424 9999.95
4425 9999.95
4426 9999.95
4427 9999.95
4428 9999.95
4429 9999.95
4430 9999.95
4431 9999.95
4432 9999.95
4433 9999.95
4434 9999.95
4435 9999.95
4436 9999.95
4437 9999.95
4438 9999.95
4439 9999.95
4440 9999.95
4441 9999.95
4442 9999.95
4443 9999.95
4444 9999.95
4445 9999.95
4446 9999.95
4447 9999.95
4448 9999.95
4449 9999.95
4450 9999.95
4451 9999.95
4452 9999.95
4453 9999.95
4454 9999.95
4455 9999.95
4456 9999.95
4457 9999.95
4458 9999.95
4459 9999.95
4460 9999.95
4461 9999.95
4462 9999.95
4463 9999.95
4464 9999.95
4465 9999.95
4466 9999.95
4467 9999.95
4468 9999.95
4469 9999.95
4470 9999.95
4471 9999.95
4472 9999.95
4473 9999.95
4474 9999.95
4475 9999.95
4476 9999.95
4477 9999.95
4478 9999.95
4479 9999.95
4480 9999.95
4481 9999.95
4482 9999.95
4483 9999.95
4484 9999.95
4485 9999.95
4486 9999.95
4487 9999.95
4488 9999.95
4489 9999.95
4490 9999.95
4491 9999.95
4492 9999.95
4493 9999.95
4494 9999.95
4495 9999.95
4496 9999.95
4497 9999.95
4498 9999.95
4499 9999.95
4500 9999.95
4501 9999.95
4502 9999.95
4503 9999.95
4504 9999.95
4505 9999.95
4506 9999.95
4507 9999.95
4508 9999.95
4509 9999.95
4510 9999.95
4511 9999.95
4512 9999.95
4513 9999.95
4514 9999.95
4515 9999.95
4516 9999.95
4517 9999.95
4518 9999.95
4519 9999.95
4520 9999.95
4521 9999.95
4522 9999.95
4523 9999.95
4524 9999.95
4525 9999.95
4526 9999.95
4527 9999.95
4528 9999.95
4529 9999.95
4530 9999.95
4531 9999.95
4532 9999.95
4533 9999.95
4534 9999.95
4535 9999.95
4536 9999.95
4537 9999.95
4538 9999.95
4539 9999.95
4540 9999.95
4541 9999.95
4542 9999.95
4543 9999.95
4544 9999.95
4545 9999.95
4546 9999.95
4547 9999.95
4548 9999.95
4549 9999.95
4550 9999.95
4551 9999.95
4552 9999.95
4553 9999.95
4554 9999.95
4555 9999.95
4556 9999.95
4557 9999.95
4558 9999.95
4559 9999.95
4560 9999.95
4561 9999.95
4562 9999.95
4563 9999.95
4564 9999.95
4565 9999.95
4566 9999.95
4567 9999.95
4568 9999.95
4569 9999.95
4570 9999.95
4571 9999.95
4572 9999.95
4573 9999.95
4574 9999.95
4575 9999.95
4576 9999.95
4577 9999.95
4578 9999.95
4579 9999.95
4580 9999.95
4581 9999.95
4582 9999.95
4583 9999.95
4584 9999.95
4585 9999.95
4586 9999.95
4587 9999.95
4588 9999.95
4589 9999.95
4590 9999.95
4591 9999.95
4592 9999.95
4593 9999.95
4594 9999.95
4595 9999.95
4596 9999.95
4597 9999.95
4598 9999.95
4599 9999.95
4600 9999.95
4601 9999.95
4602 9999.95
4603 9999.95
4604 9999.95
4605 9999.95
4606 9999.95
4607 9999.95
4608 9999.95
4609 9999.95
4610 9999.95
4611 9999.95
4612 9999.95
4613 9999.95
4614 9999.95
4615 9999.95
4616 9999.95
4617 9999.95
4618 9999.95
4619 9999.95
4620 9999.95
4621 9999.95
4622 9999.95
4623 9999.95
4624 9999.95
4625 9999.95
4626 9999.95
4627 9999.95
4628 9999.95
4629 9999.95
4630 9999.95
4631 9999.95
4632 9999.95
4633 9999.95
4634 9999.95
4635 9999.95
4636 9999.95
4637 9999.95
4638 9999.95
4639 9999.95
4640 9999.95
4641 9999.95
4642 9999.95
4643 9999.95
4644 9999.95
4645 9999.95
4646 9999.95
4647 9999.95
4648 9999.95
4649 9999.95
4650 9999.95
4651 9999.95
4652 9999.95
4653 9999.95
4654 9999.95
4655 9999.95
4656 9999.95
4657 9999.95
4658 9999.95
4659 9999.95
4660 9999.95
4661 9999.95
4662 9999.95
4663 9999.95
4664 9999.95
4665 9999.95
4666 9999.95
4667 9999.95
4668 9999.95
4669 9999.95
4670 9999.95
4671 9999.95
4672 9999.95
4673 9999.95
4674 9999.95
4675 9999.95
4676 9999.95
4677 9999.95
4678 9999.95
4679 9999.95
4680 9999.95
4681 9999.95
4682 9999.95
4683 9999.95
4684 9999.95
4685 9999.95
4686 9999.95
4687 9999.95
4688 9999.95
4689 9999.95
4690 9999.95
4691 9999.95
4692 9999.95
4693 9999.95
4694 9999.95
4695 9999.95
4696 9999.95
4697 9999.95
4698 9999.95
4699 9999.95
4700 9999.95
4701 9999.95
4702 9999.95
4703 9999.95
4704 9999.95
4705 9999.95
4706 9999.95
4707 9999.95
4708 9999.95
4709 9999.95
4710 9999.95
4711 9999.95
4712 9999.95
4713 9999.95
4714 9999.95
4715 9999.95
4716 9999.95
4717 9999.95
4718 9999.95
4719 9999.95
4720 9999.95
4721 9999.95
4722 9999.95
4723 9999.95
4724 9999.95
4725 9999.95
4726 9999.95
4727 9999.95
4728 9999.95
4729 9999.95
4730 9999.95
4731 9999.95
4732 9999.95
4733 9999.95
4734 9999.95
4735 9999.95
4736 9999.95
4737 9999.95
4738 9999.95
4739 9999.95
4740 9999.95
4741 9999.95
4742 9999.95
4743 9999.95
4744 9999.95
4745 9999.95
4746 9999.95
4747 9999.95
4748 9999.95
4749 9999.95
4750 9999.95
4751 9999.95
4752 9999.95
4753 9999.95
4754 9999.95
4755 9999.95
4756 9999.95
4757 9999.95
4758 9999.95
4759 9999.95
4760 9999.95
4761 9999.95
4762 9999.95
4763 9999.95
4764 9999.95
4765 9999.95
4766 9999.95
4767 9999.95
4768 9999.95
4769 9999.95
4770 9999.95
4771 9999.95
4772 9999.95
4773 9999.95
4774 9999.95
4775 9999.95
4776 9999.95
4777 9999.95
4778 9999.95
4779 9999.95
4780 9999.95
4781 9999.95
4782 9999.95
4783 9999.95
4784 9999.95
4785 9999.95
4786 9999.95
4787 9999.95
4788 9999.95
4789 9999.95
4790 9999.95
4791 9999.95
4792 9999.95
4793 9999.95
4794 9999.95
4795 9999.95
4796 9999.95
4797 9999.95
4798 9999.95
4799 9999.95
4800 9999.95
4801 9999.95
4802 9999.95
4803 9999.95
4804 9999.95
4805 9999.95
4806 9999.95
4807 9999.95
4808 9999.95
4809 9999.95
4810 9999.95
4811 9999.95
4812 9999.95
4813 9999.95
4814 9999.95
4815 9999.95
4816 9999.95
4817 9999.95
4818 9999.95
4819 9999.95
4820 9999.95
4821 9999.95
4822 9999.95
4823 9999.95
4824 9999.95
4825 9999.95
4826 9999.95
4827 9999.95
4828 9999.95
4829 9999.95
4830 9999.95
4831 9999.95
4832 9999.95
4833 9999.95
4834 9999.95
4835 9999.95
4836 9999.95
4837 9999.95
4838 9999.95
4839 9999.95
4840 9999.95
4841 9999.95
4842 9999.95
4843 9999.95
4844 9999.95
4845 9999.95
4846 9999.95
4847 9999.95
4848 9999.95
4849 9999.95
4850 9999.95
4851 9999.95
4852 9999.95
4853 9999.95
4854 9999.95
4855 9999.95
4856 9999.95
4857 9999.95
4858 9999.95
4859 9999.95
4860 9999.95
4861 9999.95
4862 9999.95
4863 9999.95
4864 9999.95
4865 9999.95
4866 9999.95
4867 9999.95
4868 9999.95
4869 9999.95
4870 9999.95
4871 9999.95
4872 9999.95
4873 9999.95
4874 9999.95
4875 9999.95
4876 9999.95
4877 9999.95
4878 9999.95
4879 9999.95
4880 9999.95
4881 9999.95
4882 9999.95
4883 9999.95
4884 9999.95
4885 9999.95
4886 9999.95
4887 9999.95
4888 9999.95
4889 9999.95
4890 9999.95
4891 9999.95
4892 9999.95
4893 9999.95
4894 9999.95
4895 9999.95
4896 9999.95
4897 9999.95
4898 9999.95
4899 9999.95
4900 9999.95
4901 9999.95
4902 9999.95
4903 9999.95
4904 9999.95
4905 9999.95
4906 9999.95
4907 9999.95
4908 9999.95
4909 9999.95
4910 9999.95
4911 9999.95
4912 9999.95
4913 9999.95
4914 9999.95
4915 9999.95
4916 9999.95
4917 9999.95
4918 9999.95
4919 9999.95
4920 9999.95
4921 9999.95
4922 9999.95
4923 9999.95
4924 9999.95
4925 9999.95
4926 9999.95
4927 9999.95
4928 9999.95
4929 9999.95
4930 9999.95
4931 9999.95
4932 9999.95
4933 9999.95
4934 9999.95
4935 9999.95
4936 9999.95
4937 9999.95
4938 9999.95
4939 9999.95
4940 9999.95
4941 9999.95
4942 9999.95
4943 9999.95
4944 9999.95
4945 9999.95
4946 9999.95
4947 9999.95
4948 9999.95
4949 9999.95
4950 9999.95
4951 9999.95
4952 9999.95
4953 9999.95
4954 9999.95
4955 9999.95
4956 9999.95
4957 9999.95
4958 9999.95
4959 9999.95
4960 9999.95
4961 9999.95
4962 9999.95
4963 9999.95
4964 9999.95
4965 9999.95
4966 9999.95
4967 9999.95
4968 9999.95
4969 9999.95
4970 9999.95
4971 9999.95
4972 9999.95
4973 9999.95
4974 9999.95
4975 9999.95
4976 9999.95
4977 9999.95
4978 9999.95
4979 9999.95
4980 9999.95
4981 9999.95
4982 9999.95
4983 9999.95
4984 9999.95
4985 9999.95
4986 9999.95
4987 9999.95
4988 9999.95
4989 9999.95
4990 9999.95
4991 9999.95
4992 9999.95
4993 9999.95
4994 9999.95
4995 9999.95
4996 9999.95
4997 9999.95
4998 9999.95
4999 9999.95
5000 9999.95
5001 9999.95
5002 9999.95
5003 9999.95
5004 9999.95
5005 9999.95
5006 9999.95
5007 9999.95
5008 9999.95
5009 9999.95
5010 9999.95
5011 9999.95
5012 9999.95
5013 9999.95
5014 9999.95
5015 9999.95
5016 9999.95
5017 9999.95
5018 9999.95
5019 9999.95
5020 9999.95
5021 9999.95
5022 9999.95
5023 9999.95
5024 9999.95
5025 9999.95
5026 9999.95
5027 9999.95
5028 9999.95
5029 9999.95
5030 9999.95
5031 9999.95
5032 9999.95
5033 9999.95
5034 9999.95
5035 9999.95
5036 9999.95
5037 9999.95
5038 9999.95
5039 9999.95
5040 9999.95
5041 9999.95
5042 9999.95
5043 9999.95
5044 9999.95
5045 9999.95
5046 9999.95
5047 9999.95
5048 9999.95
5049 9999.95
5050 9999.95
5051 9999.95
5052 9999.95
5053 9999.95
5054 9999.95
5055 9999.95
5056 9999.95
5057 9999.95
5058 9999.95
5059 9999.95
5060 9999.95
5061 9999.95
5062 9999.95
5063 9999.95
5064 9999.95
5065 9999.95
5066 9999.95
5067 9999.95
5068 9999.95
5069 9999.95
5070 9999.95
5071 9999.95
5072 9999.95
5073 9999.95
5074 9999.95
5075 9999.95
5076 9999.95
5077 9999.95
5078 9999.95
5079 9999.95
5080 9999.95
5081 9999.95
5082 9999.95
5083 9999.95
5084 9999.95
5085 9999.95
5086 9999.95
5087 9999.95
5088 9999.95
5089 9999.95
5090 9999.95
5091 9999.95
5092 9999.95
5093 9999.95
5094 9999.95
5095 9999.95
5096 9999.95
5097 9999.95
5098 9999.95
5099 9999.95
5100 9999.95
5101 9999.95
5102 9999.95
5103 9999.95
5104 9999.95
5105 9999.95
5106 9999.95
5107 9999.95
5108 9999.95
5109 9999.95
5110 9999.95
5111 9999.95
5112 9999.95
5113 9999.95
5114 9999.95
5115 9999.95
5116 9999.95
5117 9999.95
5118 9999.95
5119 9999.95
5120 9999.95
5121 9999.95
5122 9999.95
5123 9999.95
5124 9999.95
5125 9999.95
5126 9999.95
5127 9999.95
5128 9999.95
5129 9999.95
5130 9999.95
5131 9999.95
5132 9999.95
5133 9999.95
5134 9999.95
5135 9999.95
5136 9999.95
5137 9999.95
5138 9999.95
5139 9999.95
5140 9999.95
5141 9999.95
5142 9999.95
5143 9999.95
5144 9999.95
5145 9999.95
5146 9999.95
5147 9999.95
5148 9999.95
5149 9999.95
5150 9999.95
5151 9999.95
5152 9999.95
5153 9999.95
5154 9999.95
5155 9999.95
5156 9999.95
5157 9999.95
5158 9999.95
5159 9999.95
5160 9999.95
5161 9999.95
5162 9999.95
5163 9999.95
5164 9999.95
5165 9999.95
5166 9999.95
5167 9999.95
5168 9999.95
5169 9999.95
5170 9999.95
5171 9999.95
5172 9999.95
5173 9999.95
5174 9999.95
5175 9999.95
5176 9999.95
5177 9999.95
5178 9999.95
5179 9999.95
5180 9999.95
5181 9999.95
5182 9999.95
5183 9999.95
5184 9999.95
5185 9999.95
5186 9999.95
5187 9999.95
5188 9999.95
5189 9999.95
5190 9999.95
5191 9999.95
5192 9999.95
5193 9999.95
5194 9999.95
5195 9999.95
5196 9999.95
5197 9999.95
5198 9999.95
5199 9999.95
5200 9999.95
5201 9999.95
5202 9999.95
5203 9999.95
5204 9999.95
5205 9999.95
5206 9999.95
5207 9999.95
5208 9999.95
5209 9999.95
5210 9999.95
5211 9999.95
5212 9999.95
5213 9999.95
5214 9999.95
5215 9999.95
5216 9999.95
5217 9999.95
5218 9999.95
5219 9999.95
5220 9999.95
5221 9999.95
5222 9999.95
5223 9999.95
5224 9999.95
5225 9999.95
5226 9999.95
5227 9999.95
5228 9999.95
5229 9999.95
5230 9999.95
5231 9999.95
5232 9999.95
5233 9999.95
5234 9999.95
5235 9999.95
5236 9999.95
5237 9999.95
5238 9999.95
5239 9999.95
5240 9999.95
5241 9999.95
5242 9999.95
5243 9999.95
5244 9999.95
5245 9999.95
5246 9999.95
5247 9999.95
5248 9999.95
5249 9999.95
5250 9999.95
5251 9999.95
5252 9999.95
5253 9999.95
5254 9999.95
5255 9999.95
5256 9999.95
5257 9999.95
5258 9999.95
5259 9999.95
5260 9999.95
5261 9999.95
5262 9999.95
5263 9999.95
5264 9999.95
5265 9999.95
5266 9999.95
5267 9999.95
5268 9999.95
5269 9999.95
5270 9999.95
5271 9999.95
5272 9999.95
5273 9999.95
5274 9999.95
5275 9999.95
5276 9999.95
5277 9999.95
5278 9999.95
5279 9999.95
5280 9999.95
5281 9999.95
5282 9999.95
5283 9999.95
5284 9999.95
5285 9999.95
5286 9999.95
5287 9999.95
5288 9999.95
5289 9999.95
5290 9999.95
5291 9999.95
5292 9999.95
5293 9999.95
5294 9999.95
5295 9999.95
5296 9999.95
5297 9999.95
5298 9999.95
5299 9999.95
5300 9999.95
5301 9999.95
5302 9999.95
5303 9999.95
5304 9999.95
5305 9999.95
5306 9999.95
5307 9999.95
5308 9999.95
5309 9999.95
5310 9999.95
5311 9999.95
5312 9999.95
5313 9999.95
5314 9999.95
5315 9999.95
5316 9999.95
5317 9999.95
5318 9999.95
5319 9999.95
5320 9999.95
5321 9999.95
5322 9999.95
5323 9999.95
5324 9999.95
5325 9999.95
5326 9999.95
5327 9999.95
5328 9999.95
5329 9999.95
5330 9999.95
5331 9999.95
5332 9999.95
5333 9999.95
5334 9999.95
5335 9999.95
5336 9999.95
5337 9999.95
5338 9999.95
5339 9999.95
5340 9999.95
5341 9999.95
5342 9999.95
5343 9999.95
5344 9999.95
5345 9999.95
5346 9999.95
5347 9999.95
5348 9999.95
5349 9999.95
5350 9999.95
5351 9999.95
5352 9999.95
5353 9999.95
5354 9999.95
5355 9999.95
5356 9999.95
5357 9999.95
5358 9999.95
5359 9999.95
5360 9999.95
5361 9999.95
5362 9999.95
5363 9999.95
5364 9999.95
5365 9999.95
5366 9999.95
5367 9999.95
5368 9999.95
5369 9999.95
5370 9999.95
5371 9999.95
5372 9999.95
5373 9999.95
5374 9999.95
5375 9999.95
5376 9999.95
5377 9999.95
5378 9999.95
5379 9999.95
5380 9999.95
5381 9999.95
5382 9999.95
5383 9999.95
5384 9999.95
5385 9999.95
5386 9999.95
5387 9999.95
5388 9999.95
5389 9999.95
5390 9999.95
5391 9999.95
5392 9999.95
5393 9999.95
5394 9999.95
5395 9999.95
5396 9999.95
5397 9999.95
5398 9999.95
5399 9999.95
5400 9999.95
5401 9999.95
5402 9999.95
5403 9999.95
5404 9999.95
5405 9999.95
5406 9999.95
5407 9999.95
5408 9999.95
5409 9999.95
5410 9999.95
5411 9999.95
5412 9999.95
5413 9999.95
5414 9999.95
5415 9999.95
5416 9999.95
5417 9999.95
5418 9999.95
5419 9999.95
5420 9999.95
5421 9999.95
5422 9999.95
5423 9999.95
5424 9999.95
5425 9999.95
5426 9999.95
5427 9999.95
5428 9999.95
5429 9999.95
5430 9999.95
5431 9999.95
5432 9999.95
5432.31 9999.95
5432.42 9999.94
5432.42 9999.94
5433 9999.94
5434 9999.94
5435 9999.94
5436 9999.94
5437 9999.94
5438 9999.94
5439 9999.94
5440 9999.94
5441 9999.94
5442 9999.94
5443 9999.94
5444 9999.94
5445 9999.94
5446 9999.94
5447 9999.94
5448 9999.94
5449 9999.94
5450 9999.94
5451 9999.94
5452 9999.94
5453 9999.94
5454 9999.94
5455 9999.94
5456 9999.94
5457 9999.94
5458 9999.94
5459 9999.94
5460 9999.94
5461 9999.94
5462 9999.94
5463 9999.94
5464 9999.94
5465 9999.94
5466 9999.94
5467 9999.94
5468 9999.94
5469 9999.94
5470 9999.94
5471 9999.94
5472 9999.94
5473 9999.94
5474 9999.94
5475 9999.94
5476 9999.94
5477 9999.94
5478 9999.94
5479 9999.94
5480 9999.94
5481 9999.94
5482 9999.94
5483 9999.94
5484 9999.94
5485 9999.94
5486 9999.94
5487 9999.94
5488 9999.94
5489 9999.94
5490 9999.94
5491 9999.94
5492 9999.94
5493 9999.94
5494 9999.94
5495 9999.94
5496 9999.94
5497 9999.94
5498 9999.94
5499 9999.94
5500 9999.94
5501 9999.94
5502 9999.94
5503 9999.94
5504 9999.94
5505 9999.94
5506 9999.94
5507 9999.94
5508 9999.94
5509 9999.94
5510 9999.94
5511 9999.94
5512 9999.94
5513 9999.94
5514 9999.94
5515 9999.94
5516 9999.94
5517 9999.94
5518 9999.94
5519 9999.94
5520 9999.94
5521 9999.94
5522 9999.94
5523 9999.94
5524 9999.94
5525 9999.94
5526 9999.94
5527 9999.94
5528 9999.94
5529 9999.94
5530 9999.94
5531 9999.94
5532 9999.94
5533 9999.94
5534 9999.94
5535 9999.94
5536 9999.94
5537 9999.94
5538 9999.94
5539 9999.94
5540 9999.94
5541 9999.94
5542 9999.94
5543 9999.94
5544 9999.94
5545 9999.94
5546 9999.94
5547 9999.94
5548 9999.94
5549 9999.94
5550 9999.94
5551 9999.94
5552 9999.94
5553 9999.94
5554 9999.94
5555 9999.94
5556 9999.94
5557 9999.94
5558 9999.94
5559 9999.94
5560 9999.94
5561 9999.94
5562 9999.94
5563 9999.94
5564 9999.94
5565 9999.94
5566 9999.94
5567 9999.94
5568 9999.94
5569 9999.94
5570 9999.94
5571 9999.94
5572 9999.94
5573 9999.94
5574 9999.94
5575 9999.94
5576 9999.94
5577 9999.94
5578 9999.94
5579 9999.94
5580 9999.94
5581 9999.94
5582 9999.94
5583 9999.94
5584 9999.94
5585 9999.94
5586 9999.94
5587 9999.94
5588 9999.94
5589 9999.94
5590 9999.94
5591 9999.94
5592 9999.94
5593 9999.94
5594 9999.94
5595 9999.94
5596 9999.94
5597 9999.94
5598 9999.94
5599 9999.94
5600 9999.94
5601 9999.94
5602 9999.94
5603 9999.94
5604 9999.94
5605 9999.94
5606 9999.94
5607 9999.94
5608 9999.94
5609 9999.94
5610 9999.94
5611 9999.94
5612 9999.94
5613 9999.94
5614 9999.94
5615 9999.94
5616 9999.94
5617 9999.94
5618 9999.94
5619 9999.94
5620 9999.94
5621 9999.94
5622 9999.94
5623 9999.94
5624 9999.94
5625 9999.94
5626 9999.94
5627 9999.94
5628 9999.94
5629 9999.94
5630 9999.94
5631 9999.94
5632 9999.94
5633 9999.94
5634 9999.94
5635 9999.94
5636 9999.94
5637 9999.94
5638 9999.94
5639 9999.94
5640 9999.94
5641 9999.94
5642 9999.94
5643 9999.94
5644 9999.94
5645 9999.94
5646 9999.94
5647 9999.94
5648 9999.94
5649 9999.94
5650 9999.94
5651 9999.94
5652 9999.94
5653 9999.94
5654 9999.94
5655 9999.94
5656 9999.94
5657 9999.94
5658 9999.93
5659 9999.93
5660 9999.93
5661 9999.93
5662 9999.93
5663 9999.93
5664 9999.93
5665 9999.93
5666 9999.93
5667 9999.93
5668 9999.93
5669 9999.93
5670 9999.93
5671 9999.93
5672 9999.93
5673 9999.93
5674 9999.93
5675 9999.93
5676 9999.93
5677 9999.93
5678 9999.93
5679 9999.93
5680 9999.93
5681 9999.93
5682 9999.93
5683 9999.93
5684 9999.93
5685 9999.93
5686 9999.93
5687 9999.93
5688 9999.93
5689 9999.93
5690 9999.93
5691 9999.93
5692 9999.93
5693 9999.93
5694 9999.93
5695 9999.93
5696 9999.93
5697 9999.93
5698 9999.93
5699 9999.93
5700 9999.93
5701 9999.93
5702 9999.93
5703 9999.93
5704 9999.93
5705 9999.93
5706 9999.93
5707 9999.93
5708 9999.93
5709 9999.93
5710 9999.93
5711 9999.93
5712 9999.93
5713 9999.93
5714 9999.93
5715 9999.93
5716 9999.93
5717 9999.93
5718 9999.93
5719 9999.93
5720 9999.93
5721 9999.93
5722 9999.93
5723 9999.93
5724 9999.93
5725 9999.93
5726 9999.93
5727 9999.93
5728 9999.93
5729 9999.93
5730 9999.93
5731 9999.93
5732 9999.93
5733 9999.93
5734 9999.93
5735 9999.93
5736 9999.93
5737 9999.93
5738 9999.93
5739 9999.93
5740 9999.93
5741 9999.93
5742 9999.93
5743 9999.93
5744 9999.93
5745 9999.93
5746 9999.93
5747 9999.93
5748 9999.93
5749 9999.93
5750 9999.93
5751 9999.93
5752 9999.93
5753 9999.93
5754 9999.93
5755 9999.93
5756 9999.93
5757 9999.93
5758 9999.93
5759 9999.93
5760 9999.93
5761 9999.93
5762 9999.93
5763 9999.93
5764 9999.93
5765 9999.93
5766 9999.93
5767 9999.93
5768 9999.93
5769 9999.93
5770 9999.93
5771 9999.93
5772 9999.93
5773 9999.93
5774 9999.93
5775 9999.93
5776 9999.93
5777 9999.93
5778 9999.93
5779 9999.93
5780 9999.93
5781 9999.93
5782 9999.93
5783 9999.93
5784 9999.93
5785 9999.93
5786 9999.93
5787 9999.93
5788 9999.93
5789 9999.93
5790 9999.93
5791 9999.93
5792 9999.93
5793 9999.93
5794 9999.93
5795 9999.93
5796 9999.93
5797 9999.93
5798 9999.93
5799 9999.93
5800 9999.93
5801 9999.93
5802 9999.93
5803 9999.93
5804 9999.93
5805 9999.93
5806 9999.93
5807 9999.93
5808 9999.93
5809 9999.93
5810 9999.93
5811 9999.93
5812 9999.93
5813 9999.93
5814 9999.93
5815 9999.93
5816 9999.93
5817 9999.93
5818 9999.93
5819 9999.93
5820 9999.93
5821 9999.93
5822 9999.93
5823 9999.93
5824 9999.93
5825 9999.93
5826 9999.93
5827 9999.93
5828 9999.93
5829 9999.93
5830 9999.93
5831 9999.93
5832 9999.93
5833 9999.93
5834 9999.93
5835 9999.93
5836 9999.93
5837 9999.93
5838 9999.93
5839 9999.93
5840 9999.93
5841 9999.93
5842 9999.93
5843 9999.93
5844 9999.93
5845 9999.93
5846 9999.93
5847 9999.93
5848 9999.93
5849 9999.93
5850 9999.93
5851 9999.93
5852 9999.93
5853 9999.93
5854 9999.93
5855 9999.93
5856 9999.93
5857 9999.93
5858 9999.93
5859 9999.93
5860 9999.93
5861 9999.93
5862 9999.93
5863 9999.93
5864 9999.93
5865 9999.93
5866 9999.93
5867 9999.93
5868 9999.93
5869 9999.93
5870 9999.93
5871 9999.93
5872 9999.93
5873 9999.93
5874 9999.93
5875 9999.93
5876 9999.93
5877 9999.93
5878 9999.93
5879 9999.93
5880 9999.93
5881 9999.93
5882 9999.93
5883 9999.93
5884 9999.93
5885 9999.93
5886 9999.93
5887 9999.93
5888 9999.93
5889 9999.93
5890 9999.93
5891 9999.93
5892 9999.93
5893 9999.93
5894 9999.93
5895 9999.93
5896 9999.93
5897 9999.93
5898 9999.93
5899 9999.93
5900 9999.93
5901 9999.93
5902 9999.93
5903 9999.93
5904 9999.93
5905 9999.93
5906 9999.93
5907 9999.93
5908 9999.93
5909 9999.93
5910 9999.93
5911 9999.93
5912 9999.93
5913 9999.93
5914 9999.93
5915 9999.93
5916 9999.93
5917 9999.93
5918 9999.93
5919 9999.93
5920 9999.93
5921 9999.93
5922 9999.93
5923 9999.93
5924 9999.93
5925 9999.93
5926 9999.93
5927 9999.93
5928 9999.93
5929 9999.93
5930 9999.93
5931 9999.93
5932 9999.93
5933 9999.93
5934 9999.93
5935 9999.93
5936 9999.93
5937 9999.93
5938 9999.93
5939 9999.93
5940 9999.93
5941 9999.93
5942 9999.93
5943 9999.93
5944 9999.93
5945 9999.93
5946 9999.93
5947 9999.93
5948 9999.93
5949 9999.93
5950 9999.93
5951 9999.93
5952 9999.93
5953 9999.93
5954 9999.93
5955 9999.93
5956 9999.93
5957 9999.93
5958 9999.93
5959 9999.93
5960 9999.93
5961 9999.93
5962 9999.93
5963 9999.93
5964 9999.93
5965 9999.93
5966 9999.93
5967 9999.93
5968 9999.93
5969 9999.93
5970 9999.93
5971 9999.93
5972 9999.93
5973 9999.93
5974 9999.93
5975 9999.93
5976 9999.93
5977 9999.93
5978 9999.93
5979 9999.93
5980 9999.93
5981 9999.93
5982 9999.93
5983 9999.93
5984 9999.93
5985 9999.93
5986 9999.93
5987 9999.93
5988 9999.93
5989 9999.93
5990 9999.93
5991 9999.93
5992 9999.93
5993 9999.93
5994 9999.93
5995 9999.93
5996 9999.93
5997 9999.93
5998 9999.93
5999 9999.93
6000 9999.93
6001 9999.93
6002 9999.93
6003 9999.93
6004 9999.93
6005 9999.93
6006 9999.93
6007 9999.93
6008 9999.93
6009 9999.93
6010 9999.93
6011 9999.93
6012 9999.93
6013 9999.93
6014 9999.93
6015 9999.93
6016 9999.93
6017 9999.93
6018 9999.93
6019 9999.93
6020 9999.93
6021 9999.93
6022 9999.93
6023 9999.93
6024 9999.93
6025 9999.93
6026 9999.93
6027 9999.93
6028 9999.93
6029 9999.93
6030 9999.93
6031 9999.93
6032 9999.93
6033 9999.93
6034 9999.93
6035 9999.93
6036 9999.93
6037 9999.93
6038 9999.93
6039 9999.93
6040 9999.93
6041 9999.93
6042 9999.93
6043 9999.93
6044 9999.93
6045 9999.93
6046 9999.93
6047 9999.93
6048 9999.93
6049 9999.93
6050 9999.93
6051 9999.93
6052 9999.93
6053 9999.93
6054 9999.93
6055 9999.93
6056 9999.93
6057 9999.93
6058 9999.93
6059 9999.93
6060 9999.93
6061 9999.93
6062 9999.93
6063 9999.93
6064 9999.93
6065 9999.93
6066 9999.93
6067 9999.93
6068 9999.93
6069 9999.93
6070 9999.93
6071 9999.93
6072 9999.93
6073 9999.93
6074 9999.93
6075 9999.93
6076 9999.93
6077 9999.93
6078 9999.93
6079 9999.93
6080 9999.93
6081 9999.93
6082 9999.93
6083 9999.93
6084 9999.93
6085 9999.93
6086 9999.93
6087 9999.93
6088 9999.93
6089 9999.93
6090 9999.93
6091 9999.93
6092 9999.93
6093 9999.93
6094 9999.93
6095 9999.93
6096 9999.93
6097 9999.93
6098 9999.93
6099 9999.93
6100 9999.93
6101 9999.93
6102 9999.93
6103 9999.93
6104 9999.93
6105 9999.93
6106 9999.93
6107 9999.93
6108 9999.93
6109 9999.93
6110 9999.93
6111 9999.93
6112 9999.93
6113 9999.93
6114 9999.93
6115 9999.93
6116 9999.93
6117 9999.93
6118 9999.93
6119 9999.93
6120 9999.93
6121 9999.93
6122 9999.93
6123 9999.93
6124 9999.93
6125 9999.93
6126 9999.93
6127 9999.93
6128 9999.93
6129 9999.93
6130 9999.93
6131 9999.93
6132 9999.93
6133 9999.93
6134 9999.93
6135 9999.93
6136 9999.93
6137 9999.93
6138 9999.93
6139 9999.93
6140 9999.93
6141 9999.93
6142 9999.93
6143 9999.93
6144 9999.93
6145 9999.93
6146 9999.93
6147 9999.93
6148 9999.93
6149 9999.93
6150 9999.93
6151 9999.93
6152 9999.93
6153 9999.93
6154 9999.93
6155 9999.93
6156 9999.93
6157 9999.93
6158 9999.93
6159 9999.93
6160 9999.93
6161 9999.93
6162 9999.93
6163 9999.93
6164 9999.93
6165 9999.93
6166 9999.93
6167 9999.93
6168 9999.93
6169 9999.93
6170 9999.93
6171 9999.93
6172 9999.93
6173 9999.93
6174 9999.93
6175 9999.93
6176 9999.93
6177 9999.93
6178 9999.93
6179 9999.93
6180 9999.93
6181 9999.93
6182 9999.93
6183 9999.93
6184 9999.93
6185 9999.93
6186 9999.93
6187 9999.93
6188 9999.93
6189 9999.93
6190 9999.93
6191 9999.93
6192 9999.93
6193 9999.93
6194 9999.93
6195 9999.93
6196 9999.93
6197 9999.93
6198 9999.93
6199 9999.93
6200 9999.93
6201 9999.93
6202 9999.93
6203 9999.93
6204 9999.93
6205 9999.93
6206 9999.93
6207 9999.93
6208 9999.93
6209 9999.93
6210 9999.93
6211 9999.93
6212 9999.93
6213 9999.93
6214 9999.93
6215 9999.93
6216 9999.93
6217 9999.93
6218 9999.93
6219 9999.93
6220 9999.93
6221 9999.93
6222 9999.93
6223 9999.93
6224 9999.93
6225 9999.93
6226 9999.93
6227 9999.93
6228 9999.93
6229 9999.93
6230 9999.93
6231 9999.93
6232 9999.93
6233 9999.93
6234 9999.93
6235 9999.93
6236 9999.93
6237 9999.93
6238 9999.93
6239 9999.93
6240 9999.93
6241 9999.93
6242 9999.93
6243 9999.93
6244 9999.93
6245 9999.93
6246 9999.93
6247 9999.93
6248 9999.93
6249 9999.93
6250 9999.93
6251 9999.93
6252 9999.93
6253 9999.93
6254 9999.93
6255 9999.93
6256 9999.93
6257 9999.93
6258 9999.93
6259 9999.93
6260 9999.93
6261 9999.93
6262 9999.93
6263 9999.93
6264 9999.93
6265 9999.93
6266 9999.93
6267 9999.93
6268 9999.93
6269 9999.93
6270 9999.93
6271 9999.93
6272 9999.93
6273 9999.93
6274 9999.93
6275 9999.93
6276 9999.93
6277 9999.93
6278 9999.93
6279 9999.93
6280 9999.93
6281 9999.93
6282 9999.93
6283 9999.93
6284 9999.93
6285 9999.93
6286 9999.93
6287 9999.93
6288 9999.93
6289 9999.93
6290 9999.93
6291 9999.93
6292 9999.93
6293 9999.93
6294 9999.93
6295 9999.93
6296 9999.93
6297 9999.93
6298 9999.93
6299 9999.93
6300 9999.93
6301 9999.93
6302 9999.93
6303 9999.93
6304 9999.93
6305 9999.93
6306 9999.93
6307 9999.93
6308 9999.93
6309 9999.93
6310 9999.93
6311 9999.93
6312 9999.93
6313 9999.93
6314 9999.93
6315 9999.93
6316 9999.93
6317 9999.93
6318 9999.93
6319 9999.93
6320 9999.93
6321 9999.93
6322 9999.93
6323 9999.93
6324 9999.93
6325 9999.93
6326 9999.93
6327 9999.93
6328 9999.93
6329 9999.93
6330 9999.93
6331 9999.93
6332 9999.93
6333 9999.93
6334 9999.93
6335 9999.93
6336 9999.93
6337 9999.93
6338 9999.93
6339 9999.93
6340 9999.93
6341 9999.93
6342 9999.93
6343 9999.93
6344 9999.93
6345 9999.93
6346 9999.93
6347 9999.93
6348 9999.93
6349 9999.93
6350 9999.93
6351 9999.93
6352 9999.93
6353 9999.93
6354 9999.93
6355 9999.93
6356 9999.93
6357 9999.93
6358 9999.93
6359 9999.93
6360 9999.93
6361 9999.93
6362 9999.93
6363 9999.93
6364 9999.93
6365 9999.93
6366 9999.93
6367 9999.93
6368 9999.93
6369 9999.93
6370 9999.93
6371 9999.93
6372 9999.93
6373 9999.93
6374 9999.93
6375 9999.93
6376 9999.93
6377 9999.93
6378 9999.93
6379 9999.93
6380 9999.93
6381 9999.93
6382 9999.93
6383 9999.93
6384 9999.93
6385 9999.93
6386 9999.93
6387 9999.93
6388 9999.93
6389 9999.93
6390 9999.93
6391 9999.93
6392 9999.93
6393 9999.93
6394 9999.93
6395 9999.93
6396 9999.93
6397 9999.93
6398 9999.93
6399 9999.93
6400 9999.93
6401 9999.93
6402 9999.93
6403 9999.93
6404 9999.93
6405 9999.93
6406 9999.93
6407 9999.93
6408 9999.93
6409 9999.93
6410 9999.93
6411 9999.93
6412 9999.93
6413 9999.93
6414 9999.93
6415 9999.93
6416 9999.93
6417 9999.93
6418 9999.93
6419 9999.93
6420 9999.93
6421 9999.93
6422 9999.93
6423 9999.93
6424 9999.93
6425 9999.93
6426 9999.93
6427 9999.93
6428 9999.93
6429 9999.93
6430 9999.93
6431 9999.93
6432 9999.93
6433 9999.93
6434 9999.93
6435 9999.93
6436 9999.93
6437 9999.93
6438 9999.93
6439 9999.93
6440 9999.93
6441 9999.93
6442 9999.93
6443 9999.93
6444 9999.93
6445 9999.93
6446 9999.93
6447 9999.93
6448 9999.93
6449 9999.93
6450 9999.93
6451 9999.93
6452 9999.93
6453 9999.93
6454 9999.93
6455 9999.93
6456 9999.93
6457 9999.93
6458 9999.93
6459 9999.93
6460 9999.93
6461 9999.93
6462 9999.93
6463 9999.93
6464 9999.93
6465 9999.93
6466 9999.93
6467 9999.93
6468 9999.93
6469 9999.93
6470 9999.93
6471 9999.93
6472 9999.93
6473 9999.93
6474 9999.93
6475 9999.93
6476 9999.93
6477 9999.93
6478 9999.93
6479 9999.93
6480 9999.93
6481 9999.93
6482 9999.93
6483 9999.93
6484 9999.93
6485 9999.93
6486 9999.93
6487 9999.93
6488 9999.93
6489 9999.93
6490 9999.93
6491 9999.93
6492 9999.93
6493 9999.93
6494 9999.93
6495 9999.93
6496 9999.93
6497 9999.93
6498 9999.93
6499 9999.93
6500 9999.93
6501 9999.93
6502 9999.93
6503 9999.93
6504 9999.93
6505 9999.93
6506 9999.93
6507 9999.93
6508 9999.93
6509 9999.93
6510 9999.93
6511 9999.93
6512 9999.93
6513 9999.93
6514 9999.93
6515 9999.93
6516 9999.93
6517 9999.93
6518 9999.93
6519 9999.93
6520 9999.93
6521 9999.93
6522 9999.93
6523 9999.93
6524 9999.93
6525 9999.93
6526 9999.93
6527 9999.93
6528 9999.93
6529 9999.93
6530 9999.93
6531 9999.93
6532 9999.93
6533 9999.93
6534 9999.93
6535 9999.93
6536 9999.93
6537 9999.93
6538 9999.93
6539 9999.93
6540 9999.93
6541 9999.93
6542 9999.93
6543 9999.93
6544 9999.93
6545 9999.93
6546 9999.93
6547 9999.93
6548 9999.93
6549 9999.93
6550 9999.93
6551 9999.93
6552 9999.93
6553 9999.93
6554 9999.93
6555 9999.93
6556 9999.93
6557 9999.93
6558 9999.93
6559 9999.93
6560 9999.93
6561 9999.93
6562 9999.93
6563 9999.93
6564 9999.93
6565 9999.93
6566 9999.93
6567 9999.93
6568 9999.93
6569 9999.93
6570 9999.93
6571 9999.93
6572 9999.93
6573 9999.93
6574 9999.93
6575 9999.93
6576 9999.93
6577 9999.93
6578 9999.93
6579 9999.93
6580 9999.93
6581 9999.93
6582 9999.93
6583 9999.93
6584 9999.93
6585 9999.93
6586 9999.93
6587 9999.93
6588 9999.93
6589 9999.93
6590 9999.93
6591 9999.93
6592 9999.93
6593 9999.93
6594 9999.93
6595 9999.93
6596 9999.93
6597 9999.93
6598 9999.93
6599 9999.93
6600 9999.93
6601 9999.93
6602 9999.93
6603 9999.93
6604 9999.93
6605 9999.93
6606 9999.93
6607 9999.93
6608 9999.93
6609 9999.93
6610 9999.93
6611 9999.93
6612 9999.93
6613 9999.93
6614 9999.93
6615 9999.93
6616 9999.93
6617 9999.93
6618 9999.93
6619 9999.93
6620 9999.93
6621 9999.93
6622 9999.93
6623 9999.93
6624 9999.93
6625 9999.93
6626 9999.93
6627 9999.93
6628 9999.93
6629 9999.93
6630 9999.93
6631 9999.93
6632 9999.93
6633 9999.93
6634 9999.93
6635 9999.93
6636 9999.93
6637 9999.93
6638 9999.93
6639 9999.93
6640 9999.93
6641 9999.93
6642 9999.93
6643 9999.93
6644 9999.93
6645 9999.93
6646 9999.93
6647 9999.93
6648 9999.93
6649 9999.93
6650 9999.93
6651 9999.93
6652 9999.93
6653 9999.93
6654 9999.93
6655 9999.93
6656 9999.93
6657 9999.93
6658 9999.93
6659 9999.93
6660 9999.93
6661 9999.93
6662 9999.93
6663 9999.93
6664 9999.93
6665 9999.93
6666 9999.93
6667 9999.93
6668 9999.93
6669 9999.93
6670 9999.93
6671 9999.93
6672 9999.93
6673 9999.93
6674 9999.93
6675 9999.93
6676 9999.93
6677 9999.93
6678 9999.93
6679 9999.93
6680 9999.93
6681 9999.93
6682 9999.93
6683 9999.93
6684 9999.93
6685 9999.93
6686 9999.93
6687 9999.93
6688 9999.93
6689 9999.93
6690 9999.93
6691 9999.93
6692 9999.93
6693 9999.93
6694 9999.93
6695 9999.93
6696 9999.93
6697 9999.93
6698 9999.93
6699 9999.93
6700 9999.93
6701 9999.93
6702 9999.93
6703 9999.93
6704 9999.93
6705 9999.93
6706 9999.93
6707 9999.93
6708 9999.93
6709 9999.93
6710 9999.93
6711 9999.93
6712 9999.93
6713 9999.93
6714 9999.93
6715 9999.93
6716 9999.93
6717 9999.93
6718 9999.93
6719 9999.93
6720 9999.93
6721 9999.93
6722 9999.93
6723 9999.93
6724 9999.93
6725 9999.93
6726 9999.93
6727 9999.93
6728 9999.93
6729 9999.93
6730 9999.93
6731 9999.93
6732 9999.93
6733 9999.93
6734 9999.93
6735 9999.93
6736 9999.93
6737 9999.93
6738 9999.93
6739 9999.93
6740 9999.93
6741 9999.93
6742 9999.93
6743 9999.93
6744 9999.93
6745 9999.93
6746 9999.93
6747 9999.93
6748 9999.93
6749 9999.93
6750 9999.93
6751 9999.93
6752 9999.93
6753 9999.93
6754 9999.93
6755 9999.93
6756 9999.93
6757 9999.93
6758 9999.93
6759 9999.93
6760 9999.93
6761 9999.93
6762 9999.93
6763 9999.93
6764 9999.93
6765 9999.93
6766 9999.93
6767 9999.93
6768 9999.93
6769 9999.93
6770 9999.93
6771 9999.93
6772 9999.93
6773 9999.93
6774 9999.93
6775 9999.93
6776 9999.93
6777 9999.93
6778 9999.93
6779 9999.93
6780 9999.93
6781 9999.93
6782 9999.93
6783 9999.93
6784 9999.93
6785 9999.93
6786 9999.93
6787 9999.93
6788 9999.93
6789 9999.93
6790 9999.93
6791 9999.93
6792 9999.93
6793 9999.93
6794 9999.93
6795 9999.93
6796 9999.93
6797 9999.93
6798 9999.93
6799 9999.93
6800 9999.93
6801 9999.93
6802 9999.93
6803 9999.93
6804 9999.93
6805 9999.93
6806 9999.93
6807 9999.93
6808 9999.93
6809 9999.93
6810 9999.93
6811 9999.93
6812 9999.93
6813 9999.93
6814 9999.93
6815 9999.93
6816 9999.93
6817 9999.93
6818 9999.93
6819 9999.93
6820 9999.93
6821 9999.93
6822 9999.93
6823 9999.93
6824 9999.93
6825 9999.93
6826 9999.93
6827 9999.93
6828 9999.93
6829 9999.93
6830 9999.93
6831 9999.93
6832 9999.93
6833 9999.93
6834 9999.93
6835 9999.93
6836 9999.93
6837 9999.93
6838 9999.93
6839 9999.93
6840 9999.93
6841 9999.93
6842 9999.93
6843 9999.93
6844 9999.93
6845 9999.93
6846 9999.93
6847 9999.93
6848 9999.93
6849 9999.93
6850 9999.93
6851 9999.93
6852 9999.93
6853 9999.93
6854 9999.93
6855 9999.93
6856 9999.93
6857 9999.93
6858 9999.93
6859 9999.93
6860 9999.93
6861 9999.93
6862 9999.93
6863 9999.93
6864 9999.93
6865 9999.93
6866 9999.93
6867 9999.93
6868 9999.93
6869 9999.93
6870 9999.93
6871 9999.93
6872 9999.93
6873 9999.93
6874 9999.93
6875 9999.93
6876 9999.93
6877 9999.93
6878 9999.93
6879 9999.93
6880 9999.93
6881 9999.93
6882 9999.93
6883 9999.93
6884 9999.93
6885 9999.93
6886 9999.93
6887 9999.93
6888 9999.93
6889 9999.93
6890 9999.93
6891 9999.93
6892 9999.93
6893 9999.93
6894 9999.93
6895 9999.93
6896 9999.93
6897 9999.93
6898 9999.93
6899 9999.93
6900 9999.93
6901 9999.93
6902 9999.93
6903 9999.93
6904 9999.93
6905 9999.93
6906 9999.93
6907 9999.93
6908 9999.93
6909 9999.93
6910 9999.93
6911 9999.93
6912 9999.93
6913 9999.93
6914 9999.93
6915 9999.93
6916 9999.93
6917 9999.93
6918 9999.93
6919 9999.93
6920 9999.93
6921 9999.93
6922 9999.93
6923 9999.93
6924 9999.93
6925 9999.93
6926 9999.93
6927 9999.93
6928 9999.93
6929 9999.93
6930 9999.93
6931 9999.93
6932 9999.93
6933 9999.93
6934 9999.93
6935 9999.93
6936 9999.93
6937 9999.93
6938 9999.93
6939 9999.93
6940 9999.93
6941 9999.93
6942 9999.93
6943 9999.93
6944 9999.93
6945 9999.93
6946 9999.93
6947 9999.93
6948 9999.93
6949 9999.93
6950 9999.93
6951 9999.93
6952 9999.93
6953 9999.93
6954 9999.93
6955 9999.93
6956 9999.93
6957 9999.93
6958 9999.93
6959 9999.93
6960 9999.93
6961 9999.93
6962 9999.93
6963 9999.93
6964 9999.93
6965 9999.93
6966 9999.93
6967 9999.93
6968 9999.93
6969 9999.93
6970 9999.93
6971 9999.93
6972 9999.93
6973 9999.93
6974 9999.93
6975 9999.93
6976 9999.93
6977 9999.93
6978 9999.93
6979 9999.93
6980 9999.93
6981 9999.93
6982 9999.93
6983 9999.93
6984 9999.93
6985 9999.93
6986 9999.93
6987 9999.93
6988 9999.93
6989 9999.93
6990 9999.93
6991 9999.93
6992 9999.93
6993 9999.93
6994 9999.93
6995 9999.93
6996 9999.93
6997 9999.93
6998 9999.93
6999 9999.93
7000 9999.93
7001 9999.93
7002 9999.93
7003 9999.93
7004 9999.93
7005 9999.93
7006 9999.93
7007 9999.93
7008 9999.93
7009 9999.93
7010 9999.93
7011 9999.93
7012 9999.93
7013 9999.93
7014 9999.93
7015 9999.93
7016 9999.93
7017 9999.93
7018 9999.93
7019 9999.93
7020 9999.93
7021 9999.93
7022 9999.93
7023 9999.93
7024 9999.93
7025 9999.93
7026 9999.93
7027 9999.93
7028 9999.93
7029 9999.93
7030 9999.93
7031 9999.93
7032 9999.93
7033 9999.93
7034 9999.93
7035 9999.93
7036 9999.93
7037 9999.93
7038 9999.93
7039 9999.93
7040 9999.93
7041 9999.93
7042 9999.93
7043 9999.93
7044 9999.93
7045 9999.93
7046 9999.93
7047 9999.93
7048 9999.93
7049 9999.93
7050 9999.93
7051 9999.93
7052 9999.93
7053 9999.93
7054 9999.93
7055 9999.93
7056 9999.93
7057 9999.93
7058 9999.93
7059 9999.93
7060 9999.93
7061 9999.93
7062 9999.93
7063 9999.93
7064 9999.93
7065 9999.93
7066 9999.93
7067 9999.93
7068 9999.93
7069 9999.93
7070 9999.93
7071 9999.93
7072 9999.93
7073 9999.93
7074 9999.93
7075 9999.93
7076 9999.93
7077 9999.93
7078 9999.93
7079 9999.93
7080 9999.93
7081 9999.93
7082 9999.93
7083 9999.93
7084 9999.93
7085 9999.93
7086 9999.93
7087 9999.93
7088 9999.93
7089 9999.93
7090 9999.93
7091 9999.93
7092 9999.93
7093 9999.93
7094 9999.93
7095 9999.93
7096 9999.93
7097 9999.93
7098 9999.93
7099 9999.93
7100 9999.93
7101 9999.93
7102 9999.93
7103 9999.93
7104 9999.93
7105 9999.93
7106 9999.93
7107 9999.93
7108 9999.93
7109 9999.93
7110 9999.93
7111 9999.93
7112 9999.93
7113 9999.93
7114 9999.93
7115 9999.93
7116 9999.93
7117 9999.93
7118 9999.93
7119 9999.93
7120 9999.93
7121 9999.93
7122 9999.93
7123 9999.93
7124 9999.93
7125 9999.93
7126 9999.93
7127 9999.93
7128 9999.93
7129 9999.93
7130 9999.93
7131 9999.93
7132 9999.93
7133 9999.93
7134 9999.93
7135 9999.93
7136 9999.93
7137 9999.93
7138 9999.93
7139 9999.93
7140 9999.93
7141 9999.93
7142 9999.93
7143 9999.93
7144 9999.93
7145 9999.93
7146 9999.93
7147 9999.93
7148 9999.93
7149 9999.93
7150 9999.93
7151 9999.93
7152 9999.93
7153 9999.93
7154 9999.93
7155 9999.93
7156 9999.93
7157 9999.93
7158 9999.93
7159 9999.93
7160 9999.93
7161 9999.93
7162 9999.93
7163 9999.93
7164 9999.93
7165 9999.93
7166 9999.93
7167 9999.93
7168 9999.93
7169 9999.93
7170 9999.93
7171 9999.93
7172 9999.93
7173 9999.93
7174 9999.93
7175 9999.93
7176 9999.93
7177 9999.93
7178 9999.93
7179 9999.93
7180 9999.93
7181 9999.93
7182 9999.93
7183 9999.93
7184 9999.93
7185 9999.93
7186 9999.93
7187 9999.93
7188 9999.93
7189 9999.93
7190 9999.93
7191 9999.93
7192 9999.93
7193 9999.93
7194 9999.93
7195 9999.93
7196 9999.93
7197 9999.93
7198 9999.93
7199 9999.93
