
0.087296 9999.99
0.087296 9999.99
1 9999.99
2 9999.99
3 9999.99
4 9999.99
5 9999.99
6 9999.99
7 9999.99
8 9999.99
9 9999.99
10 9999.99
11 9999.99
12 9999.99
13 9999.99
14 9999.99
15 9999.99
16 9999.99
17 9999.99
18 9999.99
19 9999.99
20 9999.99
21 9999.99
22 9999.99
23 9999.99
24 9999.99
25 9999.99
26 9999.99
27 9999.99
28 9999.99
29 9999.99
30 9999.99
31 9999.99
32 9999.99
33 9999.99
34 9999.99
35 9999.99
36 9999.99
37 9999.99
38 9999.99
39 9999.99
40 9999.99
41 9999.99
42 9999.99
43 9999.99
44 9999.99
45 9999.99
46 9999.99
47 9999.99
48 9999.99
49 9999.99
50 9999.99
51 9999.99
52 9999.99
53 9999.99
54 9999.99
55 9999.99
56 9999.99
57 9999.99
58 9999.99
59 9999.99
60 9999.99
61 9999.99
62 9999.99
63 9999.99
64 9999.99
65 9999.99
66 9999.99
67 9999.99
68 9999.99
69 9999.99
70 9999.99
71 9999.99
72 9999.99
73 9999.99
74 9999.99
75 9999.99
76 9999.99
77 9999.99
78 9999.99
79 9999.99
80 9999.99
81 9999.99
82 9999.99
83 9999.99
84 9999.99
85 9999.99
86 9999.99
87 9999.99
88 9999.99
89 9999.99
90 9999.99
91 9999.99
92 9999.99
93 9999.99
94 9999.99
95 9999.99
96 9999.99
97 9999.99
98 9999.99
99 9999.99
100 9999.99
101 9999.99
102 9999.99
103 9999.99
104 9999.99
105 9999.99
106 9999.99
107 9999.99
108 9999.99
109 9999.99
110 9999.99
111 9999.99
112 9999.99
113 9999.99
114 9999.99
115 9999.99
116 9999.99
117 9999.99
118 9999.99
119 9999.99
120 9999.99
121 9999.99
122 9999.99
123 9999.99
124 9999.99
125 9999.99
126 9999.99
127 9999.99
128 9999.99
129 9999.99
130 9999.99
131 9999.99
132 9999.99
133 9999.99
134 9999.99
135 9999.99
136 9999.99
137 9999.99
138 9999.99
139 9999.99
140 9999.99
141 9999.99
142 9999.99
143 9999.99
144 9999.99
145 9999.99
146 9999.99
147 9999.99
148 9999.99
149 9999.99
150 9999.99
151 9999.99
152 9999.99
153 9999.99
154 9999.99
155 9999.99
156 9999.99
157 9999.99
158 9999.99
159 9999.99
160 9999.99
161 9999.99
162 9999.99
163 9999.99
164 9999.99
165 9999.99
166 9999.99
167 9999.99
168 9999.99
169 9999.99
170 9999.99
171 9999.99
172 9999.99
173 9999.99
174 9999.99
175 9999.99
176 9999.99
177 9999.99
178 9999.99
179 9999.99
180 9999.99
181 9999.99
182 9999.99
183 9999.99
184 9999.99
185 9999.99
186 9999.99
187 9999.99
188 9999.99
189 9999.99
190 9999.99
191 9999.99
192 9999.99
193 9999.99
194 9999.99
195 9999.99
196 9999.99
197 9999.99
198 9999.99
199 9999.99
200 9999.99
201 9999.99
202 9999.99
203 9999.99
204 9999.99
205 9999.99
206 9999.99
207 9999.99
208 9999.99
209 9999.99
210 9999.99
211 9999.99
212 9999.99
213 9999.99
214 9999.99
215 9999.99
216 9999.99
217 9999.99
218 9999.99
219 9999.99
220 9999.99
221 9999.99
222 9999.99
223 9999.99
224 9999.99
225 9999.99
226 9999.99
227 9999.99
228 9999.99
229 9999.99
230 9999.99
231 9999.99
232 9999.99
233 9999.99
234 9999.99
235 9999.99
236 9999.99
237 9999.99
238 9999.99
239 9999.99
240 9999.99
240.092 9999.98
240.092 9999.98
241 9999.98
242 9999.98
243 9999.98
244 9999.98
245 9999.98
246 9999.98
247 9999.98
248 9999.98
249 9999.98
250 9999.98
251 9999.98
252 9999.98
253 9999.98
254 9999.98
255 9999.98
256 9999.98
257 9999.98
258 9999.98
259 9999.98
260 9999.98
261 9999.98
262 9999.98
263 9999.98
264 9999.98
265 9999.98
266 9999.98
267 9999.98
268 9999.98
269 9999.98
270 9999.98
271 9999.98
272 9999.98
273 9999.98
274 9999.98
275 9999.98
276 9999.98
277 9999.98
278 9999.98
279 9999.98
280 9999.98
281 9999.98
282 9999.98
283 9999.98
284 9999.98
285 9999.98
286 9999.98
287 9999.98
288 9999.98
289 9999.98
290 9999.98
291 9999.98
292 9999.98
293 9999.98
294 9999.98
295 9999.98
296 9999.98
297 9999.98
298 9999.98
299 9999.98
300 9999.98
301 9999.98
302 9999.98
303 9999.98
304 9999.98
305 9999.98
306 9999.98
307 9999.98
308 9999.98
309 9999.98
310 9999.98
311 9999.98
312 9999.98
313 9999.98
314 9999.98
315 9999.98
316 9999.98
317 9999.98
318 9999.98
319 9999.98
320 9999.98
321 9999.98
322 9999.98
323 9999.98
324 9999.98
325 9999.98
326 9999.98
327 9999.98
328 9999.98
329 9999.98
330 9999.98
331 9999.98
332 9999.98
333 9999.98
334 9999.98
335 9999.98
336 9999.98
337 9999.98
338 9999.98
339 9999.98
340 9999.98
341 9999.98
342 9999.98
343 9999.98
344 9999.98
345 9999.98
346 9999.98
347 9999.98
348 9999.98
349 9999.98
350 9999.98
351 9999.98
352 9999.98
353 9999.98
354 9999.98
355 9999.98
356 9999.98
357 9999.98
358 9999.98
359 9999.98
360 9999.98
361 9999.98
362 9999.98
363 9999.98
364 9999.98
365 9999.98
366 9999.98
367 9999.98
368 9999.98
369 9999.98
370 9999.98
371 9999.98
372 9999.98
373 9999.98
374 9999.98
375 9999.98
376 9999.98
377 9999.98
378 9999.98
379 9999.98
380 9999.98
381 9999.98
382 9999.98
383 9999.98
384 9999.98
385 9999.98
386 9999.98
387 9999.98
388 9999.98
389 9999.98
390 9999.98
391 9999.98
392 9999.98
393 9999.98
394 9999.98
395 9999.98
396 9999.98
397 9999.98
398 9999.98
399 9999.98
400 9999.98
401 9999.98
402 9999.98
403 9999.98
404 9999.98
405 9999.98
406 9999.98
407 9999.98
408 9999.98
409 9999.98
410 9999.98
411 9999.98
412 9999.98
413 9999.98
414 9999.98
415 9999.98
416 9999.98
417 9999.98
418 9999.98
419 9999.98
420 9999.98
421 9999.98
422 9999.98
423 9999.98
424 9999.98
425 9999.98
426 9999.98
427 9999.98
428 9999.98
429 9999.98
430 9999.98
431 9999.98
432 9999.98
433 9999.98
434 9999.98
435 9999.98
436 9999.98
437 9999.98
438 9999.98
439 9999.98
440 9999.98
441 9999.98
442 9999.98
443 9999.98
444 9999.98
445 9999.98
446 9999.98
447 9999.98
448 9999.98
449 9999.98
450 9999.98
451 9999.98
452 9999.98
453 9999.98
454 9999.98
455 9999.98
456 9999.98
457 9999.98
458 9999.98
459 9999.98
460 9999.98
461 9999.98
462 9999.98
463 9999.98
464 9999.98
465 9999.98
466 9999.98
467 9999.98
468 9999.98
469 9999.98
470 9999.98
471 9999.98
472 9999.98
473 9999.98
474 9999.98
475 9999.98
476 9999.98
477 9999.98
478 9999.98
479 9999.98
480 9999.98
480.108 9999.97
480.108 9999.97
481 9999.97
482 9999.97
483 9999.97
484 9999.97
485 9999.97
486 9999.97
487 9999.97
488 9999.97
489 9999.97
490 9999.97
491 9999.97
492 9999.97
493 9999.97
494 9999.97
495 9999.97
496 9999.97
497 9999.97
498 9999.97
499 9999.97
500 9999.97
501 9999.97
502 9999.97
503 9999.97
504 9999.97
505 9999.97
506 9999.97
507 9999.97
508 9999.97
509 9999.97
510 9999.97
511 9999.97
512 9999.97
513 9999.97
514 9999.97
515 9999.97
516 9999.97
517 9999.97
518 9999.97
519 9999.97
520 9999.97
521 9999.97
522 9999.97
523 9999.97
524 9999.97
525 9999.97
526 9999.97
527 9999.97
528 9999.97
529 9999.97
530 9999.97
531 9999.97
532 9999.97
533 9999.97
534 9999.97
535 9999.97
536 9999.97
537 9999.97
538 9999.97
539 9999.97
540 9999.97
541 9999.97
542 9999.97
543 9999.97
544 9999.97
545 9999.97
546 9999.97
547 9999.97
548 9999.97
549 9999.97
550 9999.97
551 9999.97
552 9999.97
553 9999.97
554 9999.97
555 9999.97
556 9999.97
557 9999.97
558 9999.97
559 9999.97
560 9999.97
561 9999.97
562 9999.97
563 9999.97
564 9999.97
565 9999.97
566 9999.97
567 9999.97
568 9999.97
569 9999.97
570 9999.97
571 9999.97
572 9999.97
573 9999.97
574 9999.97
575 9999.97
576 9999.97
577 9999.97
578 9999.97
579 9999.97
580 9999.97
581 9999.97
582 9999.97
583 9999.97
584 9999.97
585 9999.97
586 9999.97
587 9999.97
588 9999.97
589 9999.97
590 9999.97
591 9999.97
592 9999.97
593 9999.97
594 9999.97
595 9999.97
596 9999.97
597 9999.97
598 9999.97
599 9999.97
600 9999.97
601 9999.97
602 9999.97
603 9999.97
604 9999.97
605 9999.97
606 9999.97
607 9999.97
608 9999.97
609 9999.97
610 9999.97
611 9999.97
612 9999.97
613 9999.97
614 9999.97
615 9999.97
616 9999.97
617 9999.97
618 9999.97
619 9999.97
620 9999.97
621 9999.97
622 9999.97
623 9999.97
624 9999.97
625 9999.97
626 9999.97
627 9999.97
628 9999.97
629 9999.97
630 9999.97
631 9999.97
632 9999.97
633 9999.97
634 9999.97
635 9999.97
636 9999.97
637 9999.97
638 9999.97
639 9999.97
640 9999.97
641 9999.97
642 9999.97
643 9999.97
644 9999.97
645 9999.97
646 9999.97
647 9999.97
648 9999.97
649 9999.97
650 9999.97
651 9999.97
652 9999.97
653 9999.97
654 9999.97
655 9999.97
656 9999.97
657 9999.97
658 9999.97
659 9999.97
660 9999.97
661 9999.97
662 9999.97
663 9999.97
664 9999.97
665 9999.97
666 9999.97
667 9999.97
668 9999.97
669 9999.97
670 9999.97
671 9999.97
672 9999.97
673 9999.97
674 9999.97
675 9999.97
676 9999.97
677 9999.97
678 9999.97
679 9999.97
680 9999.97
681 9999.97
682 9999.97
683 9999.97
684 9999.97
685 9999.97
686 9999.97
687 9999.97
688 9999.97
689 9999.97
690 9999.97
691 9999.97
692 9999.97
693 9999.97
694 9999.97
695 9999.97
696 9999.97
697 9999.97
698 9999.97
699 9999.97
700 9999.97
701 9999.97
702 9999.97
703 9999.97
704 9999.97
705 9999.97
706 9999.97
707 9999.97
708 9999.97
709 9999.97
710 9999.97
711 9999.97
712 9999.97
713 9999.97
714 9999.97
715 9999.97
716 9999.97
717 9999.97
718 9999.97
719 9999.97
720 9999.97
720.092 9999.96
720.092 9999.96
721 9999.96
722 9999.96
723 9999.96
724 9999.96
725 9999.96
726 9999.96
727 9999.96
728 9999.96
729 9999.96
730 9999.96
731 9999.96
732 9999.96
733 9999.96
734 9999.96
735 9999.96
736 9999.96
737 9999.96
738 9999.96
739 9999.96
740 9999.96
741 9999.96
742 9999.96
743 9999.96
744 9999.96
745 9999.96
746 9999.96
747 9999.96
748 9999.96
749 9999.96
750 9999.96
751 9999.96
752 9999.96
753 9999.96
754 9999.96
755 9999.96
756 9999.96
757 9999.96
758 9999.96
759 9999.96
760 9999.96
761 9999.96
762 9999.96
763 9999.96
764 9999.96
765 9999.96
766 9999.96
767 9999.96
768 9999.96
769 9999.96
770 9999.96
771 9999.96
772 9999.96
773 9999.96
774 9999.96
775 9999.96
776 9999.96
777 9999.96
778 9999.96
779 9999.96
780 9999.96
781 9999.96
782 9999.96
783 9999.96
784 9999.96
785 9999.96
786 9999.96
787 9999.96
788 9999.96
789 9999.96
790 9999.96
791 9999.96
792 9999.96
793 9999.96
794 9999.96
795 9999.96
796 9999.96
797 9999.96
798 9999.96
799 9999.96
800 9999.96
801 9999.96
802 9999.96
803 9999.96
804 9999.96
805 9999.96
806 9999.96
807 9999.96
808 9999.96
809 9999.96
810 9999.96
811 9999.96
812 9999.96
813 9999.96
814 9999.96
815 9999.96
816 9999.96
817 9999.96
818 9999.96
819 9999.96
820 9999.96
821 9999.96
822 9999.96
823 9999.96
824 9999.96
825 9999.96
826 9999.96
827 9999.96
828 9999.96
829 9999.96
830 9999.96
831 9999.96
832 9999.96
833 9999.96
834 9999.96
835 9999.96
836 9999.96
837 9999.96
838 9999.96
839 9999.96
840 9999.96
841 9999.96
842 9999.96
843 9999.96
844 9999.96
845 9999.96
846 9999.96
847 9999.96
848 9999.96
849 9999.96
850 9999.96
851 9999.96
852 9999.96
853 9999.96
854 9999.96
855 9999.96
856 9999.96
857 9999.96
858 9999.96
859 9999.96
860 9999.96
861 9999.96
862 9999.96
863 9999.96
864 9999.96
865 9999.96
866 9999.96
867 9999.96
868 9999.96
869 9999.96
870 9999.96
871 9999.96
872 9999.96
873 9999.96
874 9999.96
875 9999.96
876 9999.96
877 9999.96
878 9999.96
879 9999.96
880 9999.96
881 9999.96
882 9999.96
883 9999.96
884 9999.96
885 9999.96
886 9999.96
887 9999.96
888 9999.96
889 9999.96
890 9999.96
891 9999.96
892 9999.96
893 9999.96
894 9999.96
895 9999.96
896 9999.96
897 9999.96
898 9999.96
899 9999.96
900 9999.96
901 9999.96
902 9999.96
903 9999.96
904 9999.96
905 9999.96
906 9999.96
907 9999.96
908 9999.96
909 9999.96
910 9999.96
911 9999.96
912 9999.96
913 9999.96
914 9999.96
915 9999.96
916 9999.96
917 9999.96
918 9999.96
919 9999.96
920 9999.96
921 9999.96
922 9999.96
923 9999.96
924 9999.96
925 9999.96
926 9999.96
927 9999.96
928 9999.96
929 9999.96
930 9999.96
931 9999.96
932 9999.96
933 9999.96
934 9999.96
935 9999.96
936 9999.96
937 9999.96
938 9999.96
939 9999.96
940 9999.96
941 9999.96
942 9999.96
943 9999.96
944 9999.96
945 9999.96
946 9999.96
947 9999.96
948 9999.96
949 9999.96
950 9999.96
951 9999.96
952 9999.96
953 9999.96
954 9999.96
955 9999.96
956 9999.96
957 9999.96
958 9999.96
959 9999.96
960 9999.96
960.092 9999.95
960.092 9999.95
961 9999.95
962 9999.95
963 9999.95
964 9999.95
965 9999.95
966 9999.95
967 9999.95
968 9999.95
969 9999.95
970 9999.95
971 9999.95
972 9999.95
973 9999.95
974 9999.95
975 9999.95
976 9999.95
977 9999.95
978 9999.95
979 9999.95
980 9999.95
981 9999.95
982 9999.95
983 9999.95
984 9999.95
985 9999.95
986 9999.95
987 9999.95
988 9999.95
989 9999.95
990 9999.95
991 9999.95
992 9999.95
993 9999.95
994 9999.95
995 9999.95
996 9999.95
997 9999.95
998 9999.95
999 9999.95
1000 9999.95
1001 9999.95
1002 9999.95
1003 9999.95
1004 9999.95
1005 9999.95
1006 9999.95
1007 9999.95
1008 9999.95
1009 9999.95
1010 9999.95
1011 9999.95
1012 9999.95
1013 9999.95
1014 9999.95
1015 9999.95
1016 9999.95
1017 9999.95
1018 9999.95
1019 9999.95
1020 9999.95
1021 9999.95
1022 9999.95
1023 9999.95
1024 9999.95
1025 9999.95
1026 9999.95
1027 9999.95
1028 9999.95
1029 9999.95
1030 9999.95
1031 9999.95
1032 9999.95
1033 9999.95
1034 9999.95
1035 9999.95
1036 9999.95
1037 9999.95
1038 9999.95
1039 9999.95
1040 9999.95
1041 9999.95
1042 9999.95
1043 9999.95
1044 9999.95
1045 9999.95
1046 9999.95
1047 9999.95
1048 9999.95
1049 9999.95
1050 9999.95
1051 9999.95
1052 9999.95
1053 9999.95
1054 9999.95
1055 9999.95
1056 9999.95
1057 9999.95
1058 9999.95
1059 9999.95
1060 9999.95
1061 9999.95
1062 9999.95
1063 9999.95
1064 9999.95
1065 9999.95
1066 9999.95
1067 9999.95
1068 9999.95
1069 9999.95
1070 9999.95
1071 9999.95
1072 9999.95
1073 9999.95
1074 9999.95
1075 9999.95
1076 9999.95
1077 9999.95
1078 9999.95
1079 9999.95
1080 9999.95
1081 9999.95
1082 9999.95
1083 9999.95
1084 9999.95
1085 9999.95
1086 9999.95
1087 9999.95
1088 9999.95
1089 9999.95
1090 9999.95
1091 9999.95
1092 9999.95
1093 9999.95
1094 9999.95
1095 9999.95
1096 9999.95
1097 9999.95
1098 9999.95
1099 9999.95
1100 9999.95
1101 9999.95
1102 9999.95
1103 9999.95
1104 9999.95
1105 9999.95
1106 9999.95
1107 9999.95
1108 9999.95
1109 9999.95
1110 9999.95
1111 9999.95
1112 9999.95
1113 9999.95
1114 9999.95
1115 9999.95
1116 9999.95
1117 9999.95
1118 9999.95
1119 9999.95
1120 9999.95
1121 9999.95
1122 9999.95
1123 9999.95
1124 9999.95
1125 9999.95
1126 9999.95
1127 9999.95
1128 9999.95
1129 9999.95
1130 9999.95
1131 9999.95
1132 9999.95
1133 9999.95
1134 9999.95
1135 9999.95
1136 9999.95
1137 9999.95
1138 9999.95
1139 9999.95
1140 9999.95
1141 9999.95
1142 9999.95
1143 9999.95
1144 9999.95
1145 9999.95
1146 9999.95
1147 9999.95
1148 9999.95
1149 9999.95
1150 9999.95
1151 9999.95
1152 9999.95
1153 9999.95
1154 9999.95
1155 9999.95
1156 9999.95
1157 9999.95
1158 9999.95
1159 9999.95
1160 9999.95
1161 9999.95
1162 9999.95
1163 9999.95
1164 9999.95
1165 9999.95
1166 9999.95
1167 9999.95
1168 9999.95
1169 9999.95
1170 9999.95
1171 9999.95
1172 9999.95
1173 9999.95
1174 9999.95
1175 9999.95
1176 9999.95
1177 9999.95
1178 9999.95
1179 9999.95
1180 9999.95
1181 9999.95
1182 9999.95
1183 9999.95
1184 9999.95
1185 9999.95
1186 9999.95
1187 9999.95
1188 9999.95
1189 9999.95
1190 9999.95
1191 9999.95
1192 9999.95
1193 9999.95
1194 9999.95
1195 9999.95
1196 9999.95
1197 9999.95
1198 9999.95
1199 9999.95
1200 9999.95
1200.08 9999.94
1200.08 9999.94
1201 9999.94
1202 9999.94
1203 9999.94
1204 9999.94
1205 9999.94
1206 9999.94
1207 9999.94
1208 9999.94
1209 9999.94
1210 9999.94
1211 9999.94
1212 9999.94
1213 9999.94
1214 9999.94
1215 9999.94
1216 9999.94
1217 9999.94
1218 9999.94
1219 9999.94
1220 9999.94
1221 9999.94
1222 9999.94
1223 9999.94
1224 9999.94
1225 9999.94
1226 9999.94
1227 9999.94
1228 9999.94
1229 9999.94
1230 9999.94
1231 9999.94
1232 9999.94
1233 9999.94
1234 9999.94
1235 9999.94
1236 9999.94
1237 9999.94
1238 9999.94
1239 9999.94
1240 9999.94
1241 9999.94
1242 9999.94
1243 9999.94
1244 9999.94
1245 9999.94
1246 9999.94
1247 9999.94
1248 9999.94
1249 9999.94
1250 9999.94
1251 9999.94
1252 9999.94
1253 9999.94
1254 9999.94
1255 9999.94
1256 9999.94
1257 9999.94
1258 9999.94
1259 9999.94
1260 9999.94
1261 9999.94
1262 9999.94
1263 9999.94
1264 9999.94
1265 9999.94
1266 9999.94
1267 9999.94
1268 9999.94
1269 9999.94
1270 9999.94
1271 9999.94
1272 9999.94
1273 9999.94
1274 9999.94
1275 9999.94
1276 9999.94
1277 9999.94
1278 9999.94
1279 9999.94
1280 9999.94
1281 9999.94
1282 9999.94
1283 9999.94
1284 9999.94
1285 9999.94
1286 9999.94
1287 9999.94
1288 9999.94
1289 9999.94
1290 9999.94
1291 9999.94
1292 9999.94
1293 9999.94
1294 9999.94
1295 9999.94
1296 9999.94
1297 9999.94
1298 9999.94
1299 9999.94
1300 9999.94
1301 9999.94
1302 9999.94
1303 9999.94
1304 9999.94
1305 9999.94
1306 9999.94
1307 9999.94
1308 9999.94
1309 9999.94
1310 9999.94
1311 9999.94
1312 9999.94
1313 9999.94
1314 9999.94
1315 9999.94
1316 9999.94
1317 9999.94
1318 9999.94
1319 9999.94
1320 9999.94
1321 9999.94
1322 9999.94
1323 9999.94
1324 9999.94
1325 9999.94
1326 9999.94
1327 9999.94
1328 9999.94
1329 9999.94
1330 9999.94
1331 9999.94
1332 9999.94
1333 9999.94
1334 9999.94
1335 9999.94
1336 9999.94
1337 9999.94
1338 9999.94
1339 9999.94
1340 9999.94
1341 9999.94
1342 9999.94
1343 9999.94
1344 9999.94
1345 9999.94
1346 9999.94
1347 9999.94
1348 9999.94
1349 9999.94
1350 9999.94
1351 9999.94
1352 9999.94
1353 9999.94
1354 9999.94
1355 9999.94
1356 9999.94
1357 9999.94
1358 9999.94
1359 9999.94
1360 9999.94
1361 9999.94
1362 9999.94
1363 9999.94
1364 9999.94
1365 9999.94
1366 9999.94
1367 9999.94
1368 9999.94
1369 9999.94
1370 9999.94
1371 9999.94
1372 9999.94
1373 9999.94
1374 9999.94
1375 9999.94
1376 9999.94
1377 9999.94
1378 9999.94
1379 9999.94
1380 9999.94
1381 9999.94
1382 9999.94
1383 9999.94
1384 9999.94
1385 9999.94
1386 9999.94
1387 9999.94
1388 9999.94
1389 9999.94
1390 9999.94
1391 9999.94
1392 9999.94
1393 9999.94
1394 9999.94
1395 9999.94
1396 9999.94
1397 9999.94
1398 9999.94
1399 9999.94
1400 9999.94
1401 9999.94
1402 9999.94
1403 9999.94
1404 9999.94
1405 9999.94
1406 9999.94
1407 9999.94
1408 9999.94
1409 9999.94
1410 9999.94
1411 9999.94
1412 9999.94
1413 9999.94
1414 9999.94
1415 9999.94
1416 9999.94
1417 9999.94
1418 9999.94
1419 9999.94
1420 9999.94
1421 9999.94
1422 9999.94
1423 9999.94
1424 9999.94
1425 9999.94
1426 9999.94
1427 9999.94
1428 9999.94
1429 9999.94
1430 9999.94
1431 9999.94
1432 9999.94
1433 9999.94
1434 9999.94
1435 9999.94
1436 9999.94
1437 9999.94
1438 9999.94
1439 9999.94
1440 9999.94
1440.09 9999.93
1440.09 9999.93
1441 9999.93
1442 9999.93
1443 9999.93
1444 9999.93
1445 9999.93
1446 9999.93
1447 9999.93
1448 9999.93
1449 9999.93
1450 9999.93
1451 9999.93
1452 9999.93
1453 9999.93
1454 9999.93
1455 9999.93
1456 9999.93
1457 9999.93
1458 9999.93
1459 9999.93
1460 9999.93
1461 9999.93
1462 9999.93
1463 9999.93
1464 9999.93
1465 9999.93
1466 9999.93
1467 9999.93
1468 9999.93
1469 9999.93
1470 9999.93
1471 9999.93
1472 9999.93
1473 9999.93
1474 9999.93
1475 9999.93
1476 9999.93
1477 9999.93
1478 9999.93
1479 9999.93
1480 9999.93
1481 9999.93
1482 9999.93
1483 9999.93
1484 9999.93
1485 9999.93
1486 9999.93
1487 9999.93
1488 9999.93
1489 9999.93
1490 9999.93
1491 9999.93
1492 9999.93
1493 9999.93
1494 9999.93
1495 9999.93
1496 9999.93
1497 9999.93
1498 9999.93
1499 9999.93
1500 9999.93
1501 9999.93
1502 9999.93
1503 9999.93
1504 9999.93
1505 9999.93
1506 9999.93
1507 9999.93
1508 9999.93
1509 9999.93
1510 9999.93
1511 9999.93
1512 9999.93
1513 9999.93
1514 9999.93
1515 9999.93
1516 9999.93
1517 9999.93
1518 9999.93
1519 9999.93
1520 9999.93
1521 9999.93
1522 9999.93
1523 9999.93
1524 9999.93
1525 9999.93
1526 9999.93
1527 9999.93
1528 9999.93
1529 9999.93
1530 9999.93
1531 9999.93
1532 9999.93
1533 9999.93
1534 9999.93
1535 9999.93
1536 9999.93
1537 9999.93
1538 9999.93
1539 9999.93
1540 9999.93
1541 9999.93
1542 9999.93
1543 9999.93
1544 9999.93
1545 9999.93
1546 9999.93
1547 9999.93
1548 9999.93
1549 9999.93
1550 9999.93
1551 9999.93
1552 9999.93
1553 9999.93
1554 9999.93
1555 9999.93
1556 9999.93
1557 9999.93
1558 9999.93
1559 9999.93
1560 9999.93
1561 9999.93
1562 9999.93
1563 9999.93
1564 9999.93
1565 9999.93
1566 9999.93
1567 9999.93
1568 9999.93
1569 9999.93
1570 9999.93
1571 9999.93
1572 9999.93
1573 9999.93
1574 9999.93
1575 9999.93
1576 9999.93
1577 9999.93
1578 9999.93
1579 9999.93
1580 9999.93
1581 9999.93
1582 9999.93
1583 9999.93
1584 9999.93
1585 9999.93
1586 9999.93
1587 9999.93
1588 9999.93
1589 9999.93
1590 9999.93
1591 9999.93
1592 9999.93
1593 9999.93
1594 9999.93
1595 9999.93
1596 9999.93
1597 9999.93
1598 9999.93
1599 9999.93
1600 9999.93
1601 9999.93
1602 9999.93
1603 9999.93
1604 9999.93
1605 9999.93
1606 9999.93
1607 9999.93
1608 9999.93
1609 9999.93
1610 9999.93
1611 9999.93
1612 9999.93
1613 9999.93
1614 9999.93
1615 9999.93
1616 9999.93
1617 9999.93
1618 9999.93
1619 9999.93
1620 9999.93
1621 9999.93
1622 9999.93
1623 9999.93
1624 9999.93
1625 9999.93
1626 9999.93
1627 9999.93
1628 9999.93
1629 9999.93
1630 9999.93
1631 9999.93
1632 9999.93
1633 9999.93
1634 9999.93
1635 9999.93
1636 9999.93
1637 9999.93
1638 9999.93
1639 9999.93
1640 9999.93
1641 9999.93
1642 9999.93
1643 9999.93
1644 9999.93
1645 9999.93
1646 9999.93
1647 9999.93
1648 9999.93
1649 9999.93
1650 9999.93
1651 9999.93
1652 9999.93
1653 9999.93
1654 9999.93
1655 9999.93
1656 9999.93
1657 9999.93
1658 9999.93
1659 9999.93
1660 9999.93
1661 9999.93
1662 9999.93
1663 9999.93
1664 9999.93
1665 9999.93
1666 9999.93
1667 9999.93
1668 9999.93
1669 9999.93
1670 9999.93
1671 9999.93
1672 9999.93
1673 9999.93
1674 9999.93
1675 9999.93
1676 9999.93
1677 9999.93
1678 9999.93
1679 9999.93
1680 9999.93
1680.1 9999.92
1680.1 9999.92
1681 9999.92
1682 9999.92
1683 9999.92
1684 9999.92
1685 9999.92
1686 9999.92
1687 9999.92
1688 9999.92
1689 9999.92
1690 9999.92
1691 9999.92
1692 9999.92
1693 9999.92
1694 9999.92
1695 9999.92
1696 9999.92
1697 9999.92
1698 9999.92
1699 9999.92
1700 9999.92
1701 9999.92
1702 9999.92
1703 9999.92
1704 9999.92
1705 9999.92
1706 9999.92
1707 9999.92
1708 9999.92
1709 9999.92
1710 9999.92
1711 9999.92
1712 9999.92
1713 9999.92
1714 9999.92
1715 9999.92
1716 9999.92
1717 9999.92
1718 9999.92
1719 9999.92
1720 9999.92
1721 9999.92
1722 9999.92
1723 9999.92
1724 9999.92
1725 9999.92
1726 9999.92
1727 9999.92
1728 9999.92
1729 9999.92
1730 9999.92
1731 9999.92
1732 9999.92
1733 9999.92
1734 9999.92
1735 9999.92
1736 9999.92
1737 9999.92
1738 9999.92
1739 9999.92
1740 9999.92
1741 9999.92
1742 9999.92
1743 9999.92
1744 9999.92
1745 9999.92
1746 9999.92
1747 9999.92
1748 9999.92
1749 9999.92
1750 9999.92
1751 9999.92
1752 9999.92
1753 9999.92
1754 9999.92
1755 9999.92
1756 9999.92
1757 9999.92
1758 9999.92
1759 9999.92
1760 9999.92
1761 9999.92
1762 9999.92
1763 9999.92
1764 9999.92
1765 9999.92
1766 9999.92
1767 9999.92
1768 9999.92
1769 9999.92
1770 9999.92
1771 9999.92
1772 9999.92
1773 9999.92
1774 9999.92
1775 9999.92
1776 9999.92
1777 9999.92
1778 9999.92
1779 9999.92
1780 9999.92
1781 9999.92
1782 9999.92
1783 9999.92
1784 9999.92
1785 9999.92
1786 9999.92
1787 9999.92
1788 9999.92
1789 9999.92
1790 9999.92
1791 9999.92
1792 9999.92
1793 9999.92
1794 9999.92
1795 9999.92
1796 9999.92
1797 9999.92
1798 9999.92
1799 9999.92
1800 9999.92
1801 9999.92
1802 9999.92
1803 9999.92
1804 9999.92
1805 9999.92
1806 9999.92
1807 9999.92
1808 9999.92
1809 9999.92
1810 9999.92
1811 9999.92
1812 9999.92
1813 9999.92
1814 9999.92
1815 9999.92
1816 9999.92
1817 9999.92
1818 9999.92
1819 9999.92
1820 9999.92
1821 9999.92
1822 9999.92
1823 9999.92
1824 9999.92
1825 9999.92
1826 9999.92
1827 9999.92
1828 9999.92
1829 9999.92
1830 9999.92
1831 9999.92
1832 9999.92
1833 9999.92
1834 9999.92
1835 9999.92
1836 9999.92
1837 9999.92
1838 9999.92
1839 9999.92
1840 9999.92
1841 9999.92
1842 9999.92
1843 9999.92
1844 9999.92
1845 9999.92
1846 9999.92
1847 9999.92
1848 9999.92
1849 9999.92
1850 9999.92
1851 9999.92
1852 9999.92
1853 9999.92
1854 9999.92
1855 9999.92
1856 9999.92
1857 9999.92
1858 9999.92
1859 9999.92
1860 9999.92
1861 9999.92
1862 9999.92
1863 9999.92
1864 9999.92
1865 9999.92
1866 9999.92
1867 9999.92
1868 9999.92
1869 9999.92
1870 9999.92
1871 9999.92
1872 9999.92
1873 9999.92
1874 9999.92
1875 9999.92
1876 9999.92
1877 9999.92
1878 9999.92
1879 9999.92
1880 9999.92
1881 9999.92
1882 9999.92
1883 9999.92
1884 9999.92
1885 9999.92
1886 9999.92
1887 9999.92
1888 9999.92
1889 9999.92
1890 9999.92
1891 9999.92
1892 9999.92
1893 9999.92
1894 9999.92
1895 9999.92
1896 9999.92
1897 9999.92
1898 9999.92
1899 9999.92
1900 9999.92
1901 9999.92
1902 9999.92
1903 9999.92
1904 9999.92
1905 9999.92
1906 9999.92
1907 9999.92
1908 9999.92
1909 9999.92
1910 9999.92
1911 9999.92
1912 9999.92
1913 9999.92
1914 9999.92
1915 9999.92
1916 9999.92
1917 9999.92
1918 9999.92
1919 9999.92
1920 9999.92
1920.1 9999.91
1920.1 9999.91
1921 9999.91
1922 9999.91
1923 9999.91
1924 9999.91
1925 9999.91
1926 9999.91
1927 9999.91
1928 9999.91
1929 9999.91
1930 9999.91
1931 9999.91
1932 9999.91
1933 9999.91
1934 9999.91
1935 9999.91
1936 9999.91
1937 9999.91
1938 9999.91
1939 9999.91
1940 9999.91
1941 9999.91
1942 9999.91
1943 9999.91
1944 9999.91
1945 9999.91
1946 9999.91
1947 9999.91
1948 9999.91
1949 9999.91
1950 9999.91
1951 9999.91
1952 9999.91
1953 9999.91
1954 9999.91
1955 9999.91
1956 9999.91
1957 9999.91
1958 9999.91
1959 9999.91
1960 9999.91
1961 9999.91
1962 9999.91
1963 9999.91
1964 9999.91
1965 9999.91
1966 9999.91
1967 9999.91
1968 9999.91
1969 9999.91
1970 9999.91
1971 9999.91
1972 9999.91
1973 9999.91
1974 9999.91
1975 9999.91
1976 9999.91
1977 9999.91
1978 9999.91
1979 9999.91
1980 9999.91
1981 9999.91
1982 9999.91
1983 9999.91
1984 9999.91
1985 9999.91
1986 9999.91
1987 9999.91
1988 9999.91
1989 9999.91
1990 9999.91
1991 9999.91
1992 9999.91
1993 9999.91
1994 9999.91
1995 9999.91
1996 9999.91
1997 9999.91
1998 9999.91
1999 9999.91
2000 9999.91
2001 9999.91
2002 9999.91
2003 9999.91
2004 9999.91
2005 9999.91
2006 9999.91
2007 9999.91
2008 9999.91
2009 9999.91
2010 9999.91
2011 9999.91
2012 9999.91
2013 9999.91
2014 9999.91
2015 9999.91
2016 9999.91
2017 9999.91
2018 9999.91
2019 9999.91
2020 9999.91
2021 9999.91
2022 9999.91
2023 9999.91
2024 9999.91
2025 9999.91
2026 9999.91
2027 9999.91
2028 9999.91
2029 9999.91
2030 9999.91
2031 9999.91
2032 9999.91
2033 9999.91
2034 9999.91
2035 9999.91
2036 9999.91
2037 9999.91
2038 9999.91
2039 9999.91
2040 9999.91
2041 9999.91
2042 9999.91
2043 9999.91
2044 9999.91
2045 9999.91
2046 9999.91
2047 9999.91
2048 9999.91
2049 9999.91
2050 9999.91
2051 9999.91
2052 9999.91
2053 9999.91
2054 9999.91
2055 9999.91
2056 9999.91
2057 9999.91
2058 9999.91
2059 9999.91
2060 9999.91
2061 9999.91
2062 9999.91
2063 9999.91
2064 9999.91
2065 9999.91
2066 9999.91
2067 9999.91
2068 9999.91
2069 9999.91
2070 9999.91
2071 9999.91
2072 9999.91
2073 9999.91
2074 9999.91
2075 9999.91
2076 9999.91
2077 9999.91
2078 9999.91
2079 9999.91
2080 9999.91
2081 9999.91
2082 9999.91
2083 9999.91
2084 9999.91
2085 9999.91
2086 9999.91
2087 9999.91
2088 9999.91
2089 9999.91
2090 9999.91
2091 9999.91
2092 9999.91
2093 9999.91
2094 9999.91
2095 9999.91
2096 9999.91
2097 9999.91
2098 9999.91
2099 9999.91
2100 9999.91
2101 9999.91
2102 9999.91
2103 9999.91
2104 9999.91
2105 9999.91
2106 9999.91
2107 9999.91
2108 9999.91
2109 9999.91
2110 9999.91
2111 9999.91
2112 9999.91
2113 9999.91
2114 9999.91
2115 9999.91
2116 9999.91
2117 9999.91
2118 9999.91
2119 9999.91
2120 9999.91
2121 9999.91
2122 9999.91
2123 9999.91
2124 9999.91
2125 9999.91
2126 9999.91
2127 9999.91
2128 9999.91
2129 9999.91
2130 9999.91
2131 9999.91
2132 9999.91
2133 9999.91
2134 9999.91
2135 9999.91
2136 9999.91
2137 9999.91
2138 9999.91
2139 9999.91
2140 9999.91
2141 9999.91
2142 9999.91
2143 9999.91
2144 9999.91
2145 9999.91
2146 9999.91
2147 9999.91
2148 9999.91
2149 9999.91
2150 9999.91
2151 9999.91
2152 9999.91
2153 9999.91
2154 9999.91
2155 9999.91
2156 9999.91
2157 9999.91
2158 9999.91
2159 9999.91
2160 9999.91
2160.11 9999.9
2160.11 9999.9
2161 9999.9
2162 9999.9
2163 9999.9
2164 9999.9
2165 9999.9
2166 9999.9
2167 9999.9
2168 9999.9
2169 9999.9
2170 9999.9
2171 9999.9
2172 9999.9
2173 9999.9
2174 9999.9
2175 9999.9
2176 9999.9
2177 9999.9
2178 9999.9
2179 9999.9
2180 9999.9
2181 9999.9
2182 9999.9
2183 9999.9
2184 9999.9
2185 9999.9
2186 9999.9
2187 9999.9
2188 9999.9
2189 9999.9
2190 9999.9
2191 9999.9
2192 9999.9
2193 9999.9
2194 9999.9
2195 9999.9
2196 9999.9
2197 9999.9
2198 9999.9
2199 9999.9
2200 9999.9
2201 9999.9
2202 9999.9
2203 9999.9
2204 9999.9
2205 9999.9
2206 9999.9
2207 9999.9
2208 9999.9
2209 9999.9
2210 9999.9
2211 9999.9
2212 9999.9
2213 9999.9
2214 9999.9
2215 9999.9
2216 9999.9
2217 9999.9
2218 9999.9
2219 9999.9
2220 9999.9
2221 9999.9
2222 9999.9
2223 9999.9
2224 9999.9
2225 9999.9
2226 9999.9
2227 9999.9
2228 9999.9
2229 9999.9
2230 9999.9
2231 9999.9
2232 9999.9
2233 9999.9
2234 9999.9
2235 9999.9
2236 9999.9
2237 9999.9
2238 9999.9
2239 9999.9
2240 9999.9
2241 9999.9
2242 9999.9
2243 9999.9
2244 9999.9
2245 9999.9
2246 9999.9
2247 9999.9
2248 9999.9
2249 9999.9
2250 9999.9
2251 9999.9
2252 9999.9
2253 9999.9
2254 9999.9
2255 9999.9
2256 9999.9
2257 9999.9
2258 9999.9
2259 9999.9
2260 9999.9
2261 9999.9
2262 9999.9
2263 9999.9
2264 9999.9
2265 9999.9
2266 9999.9
2267 9999.9
2268 9999.9
2269 9999.9
2270 9999.9
2271 9999.9
2272 9999.9
2273 9999.9
2274 9999.9
2275 9999.9
2276 9999.9
2277 9999.9
2278 9999.9
2279 9999.9
2280 9999.9
2281 9999.9
2282 9999.9
2283 9999.9
2284 9999.9
2285 9999.9
2286 9999.9
2287 9999.9
2288 9999.9
2289 9999.9
2290 9999.9
2291 9999.9
2292 9999.9
2293 9999.9
2294 9999.9
2295 9999.9
2296 9999.9
2297 9999.9
2298 9999.9
2299 9999.9
2300 9999.9
2301 9999.9
2302 9999.9
2303 9999.9
2304 9999.9
2305 9999.9
2306 9999.9
2307 9999.9
2308 9999.9
2309 9999.9
2310 9999.9
2311 9999.9
2312 9999.9
2313 9999.9
2314 9999.9
2315 9999.9
2316 9999.9
2317 9999.9
2318 9999.9
2319 9999.9
2320 9999.9
2321 9999.9
2322 9999.9
2323 9999.9
2324 9999.9
2325 9999.9
2326 9999.9
2327 9999.9
2328 9999.9
2329 9999.9
2330 9999.9
2331 9999.9
2332 9999.9
2333 9999.9
2334 9999.9
2335 9999.9
2336 9999.9
2337 9999.9
2338 9999.9
2339 9999.9
2340 9999.9
2341 9999.9
2342 9999.9
2343 9999.9
2344 9999.9
2345 9999.9
2346 9999.9
2347 9999.9
2348 9999.9
2349 9999.9
2350 9999.9
2351 9999.9
2352 9999.9
2353 9999.9
2354 9999.9
2355 9999.9
2356 9999.9
2357 9999.9
2358 9999.9
2359 9999.9
2360 9999.9
2361 9999.9
2362 9999.9
2363 9999.9
2364 9999.9
2365 9999.9
2366 9999.9
2367 9999.9
2368 9999.9
2369 9999.9
2370 9999.9
2371 9999.9
2372 9999.9
2373 9999.9
2374 9999.9
2375 9999.9
2376 9999.9
2377 9999.9
2378 9999.9
2379 9999.9
2380 9999.9
2381 9999.9
2382 9999.9
2383 9999.9
2384 9999.9
2385 9999.9
2386 9999.9
2387 9999.9
2388 9999.9
2389 9999.9
2390 9999.9
2391 9999.9
2392 9999.9
2393 9999.9
2394 9999.9
2395 9999.9
2396 9999.9
2397 9999.9
2398 9999.9
2399 9999.9
2400 9999.9
2400.1 9999.89
2400.1 9999.89
2401 9999.89
2402 9999.89
2403 9999.89
2404 9999.89
2405 9999.89
2406 9999.89
2407 9999.89
2408 9999.89
2409 9999.89
2410 9999.89
2411 9999.89
2412 9999.89
2413 9999.89
2414 9999.89
2415 9999.89
2416 9999.89
2417 9999.89
2418 9999.89
2419 9999.89
2420 9999.89
2421 9999.89
2422 9999.89
2423 9999.89
2424 9999.89
2425 9999.89
2426 9999.89
2427 9999.89
2428 9999.89
2429 9999.89
2430 9999.89
2431 9999.89
2432 9999.89
2433 9999.89
2434 9999.89
2435 9999.89
2436 9999.89
2437 9999.89
2438 9999.89
2439 9999.89
2440 9999.89
2441 9999.89
2442 9999.89
2443 9999.89
2444 9999.89
2445 9999.89
2446 9999.89
2447 9999.89
2448 9999.89
2449 9999.89
2450 9999.89
2451 9999.89
2452 9999.89
2453 9999.89
2454 9999.89
2455 9999.89
2456 9999.89
2457 9999.89
2458 9999.89
2459 9999.89
2460 9999.89
2461 9999.89
2462 9999.89
2463 9999.89
2464 9999.89
2465 9999.89
2466 9999.89
2467 9999.89
2468 9999.89
2469 9999.89
2470 9999.89
2471 9999.89
2472 9999.89
2473 9999.89
2474 9999.89
2475 9999.89
2476 9999.89
2477 9999.89
2478 9999.89
2479 9999.89
2480 9999.89
2481 9999.89
2482 9999.89
2483 9999.89
2484 9999.89
2485 9999.89
2486 9999.89
2487 9999.89
2488 9999.89
2489 9999.89
2490 9999.89
2491 9999.89
2492 9999.89
2493 9999.89
2494 9999.89
2495 9999.89
2496 9999.89
2497 9999.89
2498 9999.89
2499 9999.89
2500 9999.89
2501 9999.89
2502 9999.89
2503 9999.89
2504 9999.89
2505 9999.89
2506 9999.89
2507 9999.89
2508 9999.89
2509 9999.89
2510 9999.89
2511 9999.89
2512 9999.89
2513 9999.89
2514 9999.89
2515 9999.89
2516 9999.89
2517 9999.89
2518 9999.89
2519 9999.89
2520 9999.89
2521 9999.89
2522 9999.89
2523 9999.89
2524 9999.89
2525 9999.89
2526 9999.89
2527 9999.89
2528 9999.89
2529 9999.89
2530 9999.89
2531 9999.89
2532 9999.89
2533 9999.89
2534 9999.89
2535 9999.89
2536 9999.89
2537 9999.89
2538 9999.89
2539 9999.89
2540 9999.89
2541 9999.89
2542 9999.89
2543 9999.89
2544 9999.89
2545 9999.89
2546 9999.89
2547 9999.89
2548 9999.89
2549 9999.89
2550 9999.89
2551 9999.89
2552 9999.89
2553 9999.89
2554 9999.89
2555 9999.89
2556 9999.89
2557 9999.89
2558 9999.89
2559 9999.89
2560 9999.89
2561 9999.89
2562 9999.89
2563 9999.89
2564 9999.89
2565 9999.89
2566 9999.89
2567 9999.89
2568 9999.89
2569 9999.89
2570 9999.89
2571 9999.89
2572 9999.89
2573 9999.89
2574 9999.89
2575 9999.89
2576 9999.89
2577 9999.89
2578 9999.89
2579 9999.89
2580 9999.89
2581 9999.89
2582 9999.89
2583 9999.89
2584 9999.89
2585 9999.89
2586 9999.89
2587 9999.89
2588 9999.89
2589 9999.89
2590 9999.89
2591 9999.89
2592 9999.89
2593 9999.89
2594 9999.89
2595 9999.89
2596 9999.89
2597 9999.89
2598 9999.89
2599 9999.89
2600 9999.89
2601 9999.89
2602 9999.89
2603 9999.89
2604 9999.89
2605 9999.89
2606 9999.89
2607 9999.89
2608 9999.89
2609 9999.89
2610 9999.89
2611 9999.89
2612 9999.89
2613 9999.89
2614 9999.89
2615 9999.89
2616 9999.89
2617 9999.89
2618 9999.89
2619 9999.89
2620 9999.89
2621 9999.89
2622 9999.89
2623 9999.89
2624 9999.89
2625 9999.89
2626 9999.89
2627 9999.89
2628 9999.89
2629 9999.89
2630 9999.89
2631 9999.89
2632 9999.89
2633 9999.89
2634 9999.89
2635 9999.89
2636 9999.89
2637 9999.89
2638 9999.89
2639 9999.89
2640 9999.89
2640.1 9999.88
2640.1 9999.88
2641 9999.88
2642 9999.88
2643 9999.88
2644 9999.88
2645 9999.88
2646 9999.88
2647 9999.88
2648 9999.88
2649 9999.88
2650 9999.88
2651 9999.88
2652 9999.88
2653 9999.88
2654 9999.88
2655 9999.88
2656 9999.88
2657 9999.88
2658 9999.88
2659 9999.88
2660 9999.88
2661 9999.88
2662 9999.88
2663 9999.88
2664 9999.88
2665 9999.88
2666 9999.88
2667 9999.88
2668 9999.88
2669 9999.88
2670 9999.88
2671 9999.88
2672 9999.88
2673 9999.88
2674 9999.88
2675 9999.88
2676 9999.88
2677 9999.88
2678 9999.88
2679 9999.88
2680 9999.88
2681 9999.88
2682 9999.88
2683 9999.88
2684 9999.88
2685 9999.88
2686 9999.88
2687 9999.88
2688 9999.88
2689 9999.88
2690 9999.88
2691 9999.88
2692 9999.88
2693 9999.88
2694 9999.88
2695 9999.88
2696 9999.88
2697 9999.88
2698 9999.88
2699 9999.88
2700 9999.88
2701 9999.88
2702 9999.88
2703 9999.88
2704 9999.88
2705 9999.88
2706 9999.88
2707 9999.88
2708 9999.88
2709 9999.88
2710 9999.88
2711 9999.88
2712 9999.88
2713 9999.88
2714 9999.88
2715 9999.88
2716 9999.88
2717 9999.88
2718 9999.88
2719 9999.88
2720 9999.88
2721 9999.88
2722 9999.88
2723 9999.88
2724 9999.88
2725 9999.88
2726 9999.88
2727 9999.88
2728 9999.88
2729 9999.88
2730 9999.88
2731 9999.88
2732 9999.88
2733 9999.88
2734 9999.88
2735 9999.88
2736 9999.88
2737 9999.88
2738 9999.88
2739 9999.88
2740 9999.88
2741 9999.88
2742 9999.88
2743 9999.88
2744 9999.88
2745 9999.88
2746 9999.88
2747 9999.88
2748 9999.88
2749 9999.88
2750 9999.88
2751 9999.88
2752 9999.88
2753 9999.88
2754 9999.88
2755 9999.88
2756 9999.88
2757 9999.88
2758 9999.88
2759 9999.88
2760 9999.88
2761 9999.88
2762 9999.88
2763 9999.88
2764 9999.88
2765 9999.88
2766 9999.88
2767 9999.88
2768 9999.88
2769 9999.88
2770 9999.88
2771 9999.88
2772 9999.88
2773 9999.88
2774 9999.88
2775 9999.88
2776 9999.88
2777 9999.88
2778 9999.88
2779 9999.88
2780 9999.88
2781 9999.88
2782 9999.88
2783 9999.88
2784 9999.88
2785 9999.88
2786 9999.88
2787 9999.88
2788 9999.88
2789 9999.88
2790 9999.88
2791 9999.88
2792 9999.88
2793 9999.88
2794 9999.88
2795 9999.88
2796 9999.88
2797 9999.88
2798 9999.88
2799 9999.88
2800 9999.88
2801 9999.88
2802 9999.88
2803 9999.88
2804 9999.88
2805 9999.88
2806 9999.88
2807 9999.88
2808 9999.88
2809 9999.88
2810 9999.88
2811 9999.88
2812 9999.88
2813 9999.88
2814 9999.88
2815 9999.88
2816 9999.88
2817 9999.88
2818 9999.88
2819 9999.88
2820 9999.88
2821 9999.88
2822 9999.88
2823 9999.88
2824 9999.88
2825 9999.88
2826 9999.88
2827 9999.88
2828 9999.88
2829 9999.88
2830 9999.88
2831 9999.88
2832 9999.88
2833 9999.88
2834 9999.88
2835 9999.88
2836 9999.88
2837 9999.88
2838 9999.88
2839 9999.88
2840 9999.88
2841 9999.88
2842 9999.88
2843 9999.88
2844 9999.88
2845 9999.88
2846 9999.88
2847 9999.88
2848 9999.88
2849 9999.88
2850 9999.88
2851 9999.88
2852 9999.88
2853 9999.88
2854 9999.88
2855 9999.88
2856 9999.88
2857 9999.88
2858 9999.88
2859 9999.88
2860 9999.88
2861 9999.88
2862 9999.88
2863 9999.88
2864 9999.88
2865 9999.88
2866 9999.88
2867 9999.88
2868 9999.88
2869 9999.88
2870 9999.88
2871 9999.88
2872 9999.88
2873 9999.88
2874 9999.88
2875 9999.88
2876 9999.88
2877 9999.88
2878 9999.88
2879 9999.88
2880 9999.88
2880.1 9999.87
2880.1 9999.87
2881 9999.87
2882 9999.87
2883 9999.87
2884 9999.87
2885 9999.87
2886 9999.87
2887 9999.87
2888 9999.87
2889 9999.87
2890 9999.87
2891 9999.87
2892 9999.87
2893 9999.87
2894 9999.87
2895 9999.87
2896 9999.87
2897 9999.87
2898 9999.87
2899 9999.87
2900 9999.87
2901 9999.87
2902 9999.87
2903 9999.87
2904 9999.87
2905 9999.87
2906 9999.87
2907 9999.87
2908 9999.87
2909 9999.87
2910 9999.87
2911 9999.87
2912 9999.87
2913 9999.87
2914 9999.87
2915 9999.87
2916 9999.87
2917 9999.87
2918 9999.87
2919 9999.87
2920 9999.87
2921 9999.87
2922 9999.87
2923 9999.87
2924 9999.87
2925 9999.87
2926 9999.87
2927 9999.87
2928 9999.87
2929 9999.87
2930 9999.87
2931 9999.87
2932 9999.87
2933 9999.87
2934 9999.87
2935 9999.87
2936 9999.87
2937 9999.87
2938 9999.87
2939 9999.87
2940 9999.87
2941 9999.87
2942 9999.87
2943 9999.87
2944 9999.87
2945 9999.87
2946 9999.87
2947 9999.87
2948 9999.87
2949 9999.87
2950 9999.87
2951 9999.87
2952 9999.87
2953 9999.87
2954 9999.87
2955 9999.87
2956 9999.87
2957 9999.87
2958 9999.87
2959 9999.87
2960 9999.87
2961 9999.87
2962 9999.87
2963 9999.87
2964 9999.87
2965 9999.87
2966 9999.87
2967 9999.87
2968 9999.87
2969 9999.87
2970 9999.87
2971 9999.87
2972 9999.87
2973 9999.87
2974 9999.87
2975 9999.87
2976 9999.87
2977 9999.87
2978 9999.87
2979 9999.87
2980 9999.87
2981 9999.87
2982 9999.87
2983 9999.87
2984 9999.87
2985 9999.87
2986 9999.87
2987 9999.87
2988 9999.87
2989 9999.87
2990 9999.87
2991 9999.87
2992 9999.87
2993 9999.87
2994 9999.87
2995 9999.87
2996 9999.87
2997 9999.87
2998 9999.87
2999 9999.87
3000 9999.87
3001 9999.87
3002 9999.87
3003 9999.87
3004 9999.87
3005 9999.87
3006 9999.87
3007 9999.87
3008 9999.87
3009 9999.87
3010 9999.87
3011 9999.87
3012 9999.87
3013 9999.87
3014 9999.87
3015 9999.87
3016 9999.87
3017 9999.87
3018 9999.87
3019 9999.87
3020 9999.87
3021 9999.87
3022 9999.87
3023 9999.87
3024 9999.87
3025 9999.87
3026 9999.87
3027 9999.87
3028 9999.87
3029 9999.87
3030 9999.87
3031 9999.87
3032 9999.87
3033 9999.87
3034 9999.87
3035 9999.87
3036 9999.87
3037 9999.87
3038 9999.87
3039 9999.87
3040 9999.87
3041 9999.87
3042 9999.87
3043 9999.87
3044 9999.87
3045 9999.87
3046 9999.87
3047 9999.87
3048 9999.87
3049 9999.87
3050 9999.87
3051 9999.87
3052 9999.87
3053 9999.87
3054 9999.87
3055 9999.87
3056 9999.87
3057 9999.87
3058 9999.87
3059 9999.87
3060 9999.87
3061 9999.87
3062 9999.87
3063 9999.87
3064 9999.87
3065 9999.87
3066 9999.87
3067 9999.87
3068 9999.87
3069 9999.87
3070 9999.87
3071 9999.87
3072 9999.87
3073 9999.87
3074 9999.87
3075 9999.87
3076 9999.87
3077 9999.87
3078 9999.87
3079 9999.87
3080 9999.87
3081 9999.87
3082 9999.87
3083 9999.87
3084 9999.87
3085 9999.87
3086 9999.87
3087 9999.87
3088 9999.87
3089 9999.87
3090 9999.87
3091 9999.87
3092 9999.87
3093 9999.87
3094 9999.87
3095 9999.87
3096 9999.87
3097 9999.87
3098 9999.87
3099 9999.87
3100 9999.87
3101 9999.87
3102 9999.87
3103 9999.87
3104 9999.87
3105 9999.87
3106 9999.87
3107 9999.87
3108 9999.87
3109 9999.87
3110 9999.87
3111 9999.87
3112 9999.87
3113 9999.87
3114 9999.87
3115 9999.87
3116 9999.87
3117 9999.87
3118 9999.87
3119 9999.87
3120 9999.87
3120.11 9999.86
3120.11 9999.86
3121 9999.86
3122 9999.86
3123 9999.86
3124 9999.86
3125 9999.86
3126 9999.86
3127 9999.86
3128 9999.86
3129 9999.86
3130 9999.86
3131 9999.86
3132 9999.86
3133 9999.86
3134 9999.86
3135 9999.86
3136 9999.86
3137 9999.86
3138 9999.86
3139 9999.86
3140 9999.86
3141 9999.86
3142 9999.86
3143 9999.86
3144 9999.86
3145 9999.86
3146 9999.86
3147 9999.86
3148 9999.86
3149 9999.86
3150 9999.86
3151 9999.86
3152 9999.86
3153 9999.86
3154 9999.86
3155 9999.86
3156 9999.86
3157 9999.86
3158 9999.86
3159 9999.86
3160 9999.86
3161 9999.86
3162 9999.86
3163 9999.86
3164 9999.86
3165 9999.86
3166 9999.86
3167 9999.86
3168 9999.86
3169 9999.86
3170 9999.86
3171 9999.86
3172 9999.86
3173 9999.86
3174 9999.86
3175 9999.86
3176 9999.86
3177 9999.86
3178 9999.86
3179 9999.86
3180 9999.86
3181 9999.86
3182 9999.86
3183 9999.86
3184 9999.86
3185 9999.86
3186 9999.86
3187 9999.86
3188 9999.86
3189 9999.86
3190 9999.86
3191 9999.86
3192 9999.86
3193 9999.86
3194 9999.86
3195 9999.86
3196 9999.86
3197 9999.86
3198 9999.86
3199 9999.86
3200 9999.86
3201 9999.86
3202 9999.86
3203 9999.86
3204 9999.86
3205 9999.86
3206 9999.86
3207 9999.86
3208 9999.86
3209 9999.86
3210 9999.86
3211 9999.86
3212 9999.86
3213 9999.86
3214 9999.86
3215 9999.86
3216 9999.86
3217 9999.86
3218 9999.86
3219 9999.86
3220 9999.86
3221 9999.86
3222 9999.86
3223 9999.86
3224 9999.86
3225 9999.86
3226 9999.86
3227 9999.86
3228 9999.86
3229 9999.86
3230 9999.86
3231 9999.86
3232 9999.86
3233 9999.86
3234 9999.86
3235 9999.86
3236 9999.86
3237 9999.86
3238 9999.86
3239 9999.86
3240 9999.86
3241 9999.86
3242 9999.86
3243 9999.86
3244 9999.86
3245 9999.86
3246 9999.86
3247 9999.86
3248 9999.86
3249 9999.86
3250 9999.86
3251 9999.86
3252 9999.86
3253 9999.86
3254 9999.86
3255 9999.86
3256 9999.86
3257 9999.86
3258 9999.86
3259 9999.86
3260 9999.86
3261 9999.86
3262 9999.86
3263 9999.86
3264 9999.86
3265 9999.86
3266 9999.86
3267 9999.86
3268 9999.86
3269 9999.86
3270 9999.86
3271 9999.86
3272 9999.86
3273 9999.86
3274 9999.86
3275 9999.86
3276 9999.86
3277 9999.86
3278 9999.86
3279 9999.86
3280 9999.86
3281 9999.86
3282 9999.86
3283 9999.86
3284 9999.86
3285 9999.86
3286 9999.86
3287 9999.86
3288 9999.86
3289 9999.86
3290 9999.86
3291 9999.86
3292 9999.86
3293 9999.86
3294 9999.86
3295 9999.86
3296 9999.86
3297 9999.86
3298 9999.86
3299 9999.86
3300 9999.86
3301 9999.86
3302 9999.86
3303 9999.86
3304 9999.86
3305 9999.86
3306 9999.86
3307 9999.86
3308 9999.86
3309 9999.86
3310 9999.86
3311 9999.86
3312 9999.86
3313 9999.86
3314 9999.86
3315 9999.86
3316 9999.86
3317 9999.86
3318 9999.86
3319 9999.86
3320 9999.86
3321 9999.86
3322 9999.86
3323 9999.86
3324 9999.86
3325 9999.86
3326 9999.86
3327 9999.86
3328 9999.86
3329 9999.86
3330 9999.86
3331 9999.86
3332 9999.86
3333 9999.86
3334 9999.86
3335 9999.86
3336 9999.86
3337 9999.86
3338 9999.86
3339 9999.86
3340 9999.86
3341 9999.86
3342 9999.86
3343 9999.86
3344 9999.86
3345 9999.86
3346 9999.86
3347 9999.86
3348 9999.86
3349 9999.86
3350 9999.86
3351 9999.86
3352 9999.86
3353 9999.86
3354 9999.86
3355 9999.86
3356 9999.86
3357 9999.86
3358 9999.86
3359 9999.86
3360 9999.86
3360.1 9999.85
3360.1 9999.85
3361 9999.85
3362 9999.85
3363 9999.85
3364 9999.85
3365 9999.85
3366 9999.85
3367 9999.85
3368 9999.85
3369 9999.85
3370 9999.85
3371 9999.85
3372 9999.85
3373 9999.85
3374 9999.85
3375 9999.85
3376 9999.85
3377 9999.85
3378 9999.85
3379 9999.85
3380 9999.85
3381 9999.85
3382 9999.85
3383 9999.85
3384 9999.85
3385 9999.85
3386 9999.85
3387 9999.85
3388 9999.85
3389 9999.85
3390 9999.85
3391 9999.85
3392 9999.85
3393 9999.85
3394 9999.85
3395 9999.85
3396 9999.85
3397 9999.85
3398 9999.85
3399 9999.85
3400 9999.85
3401 9999.85
3402 9999.85
3403 9999.85
3404 9999.85
3405 9999.85
3406 9999.85
3407 9999.85
3408 9999.85
3409 9999.85
3410 9999.85
3411 9999.85
3412 9999.85
3413 9999.85
3414 9999.85
3415 9999.85
3416 9999.85
3417 9999.85
3418 9999.85
3419 9999.85
3420 9999.85
3421 9999.85
3422 9999.85
3423 9999.85
3424 9999.85
3425 9999.85
3426 9999.85
3427 9999.85
3428 9999.85
3429 9999.85
3430 9999.85
3431 9999.85
3432 9999.85
3433 9999.85
3434 9999.85
3435 9999.85
3436 9999.85
3437 9999.85
3438 9999.85
3439 9999.85
3440 9999.85
3441 9999.85
3442 9999.85
3443 9999.85
3444 9999.85
3445 9999.85
3446 9999.85
3447 9999.85
3448 9999.85
3449 9999.85
3450 9999.85
3451 9999.85
3452 9999.85
3453 9999.85
3454 9999.85
3455 9999.85
3456 9999.85
3457 9999.85
3458 9999.85
3459 9999.85
3460 9999.85
3461 9999.85
3462 9999.85
3463 9999.85
3464 9999.85
3465 9999.85
3466 9999.85
3467 9999.85
3468 9999.85
3469 9999.85
3470 9999.85
3471 9999.85
3472 9999.85
3473 9999.85
3474 9999.85
3475 9999.85
3476 9999.85
3477 9999.85
3478 9999.85
3479 9999.85
3480 9999.85
3481 9999.85
3482 9999.85
3483 9999.85
3484 9999.85
3485 9999.85
3486 9999.85
3487 9999.85
3488 9999.85
3489 9999.85
3490 9999.85
3491 9999.85
3492 9999.85
3493 9999.85
3494 9999.85
3495 9999.85
3496 9999.85
3497 9999.85
3498 9999.85
3499 9999.85
3500 9999.85
3501 9999.85
3502 9999.85
3503 9999.85
3504 9999.85
3505 9999.85
3506 9999.85
3507 9999.85
3508 9999.85
3509 9999.85
3510 9999.85
3511 9999.85
3512 9999.85
3513 9999.85
3514 9999.85
3515 9999.85
3516 9999.85
3517 9999.85
3518 9999.85
3519 9999.85
3520 9999.85
3521 9999.85
3522 9999.85
3523 9999.85
3524 9999.85
3525 9999.85
3526 9999.85
3527 9999.85
3528 9999.85
3529 9999.85
3530 9999.85
3531 9999.85
3532 9999.85
3533 9999.85
3534 9999.85
3535 9999.85
3536 9999.85
3537 9999.85
3538 9999.85
3539 9999.85
3540 9999.85
3541 9999.85
3542 9999.85
3543 9999.85
3544 9999.85
3545 9999.85
3546 9999.85
3547 9999.85
3548 9999.85
3549 9999.85
3550 9999.85
3551 9999.85
3552 9999.85
3553 9999.85
3554 9999.85
3555 9999.85
3556 9999.85
3557 9999.85
3558 9999.85
3559 9999.85
3560 9999.85
3561 9999.85
3562 9999.85
3563 9999.85
3564 9999.85
3565 9999.85
3566 9999.85
3567 9999.85
3568 9999.85
3569 9999.85
3570 9999.85
3571 9999.85
3572 9999.85
3573 9999.85
3574 9999.85
3575 9999.85
3576 9999.85
3577 9999.85
3578 9999.85
3579 9999.85
3580 9999.85
3581 9999.85
3582 9999.85
3583 9999.85
3584 9999.85
3585 9999.85
3586 9999.85
3587 9999.85
3588 9999.85
3589 9999.85
3590 9999.85
3591 9999.85
3592 9999.85
3593 9999.85
3594 9999.85
3595 9999.85
3596 9999.85
3597 9999.85
3598 9999.85
3599 9999.85
